1 310428
1 310432
1 1538740
1 3150268
1 3492801
1 4004386
1 6379453
1 6524856
1 7641760
1 8009446
1 8620565
1 9104292
1 9143370
1 9581314
1 9592562
1 10453428
1 12787537
1 13493145
1 13566052
1 13582290
1 14896600
1 15461254
1 15537223
1 15680586
1 16238919
1 16461016
1 16568404
1 16793283
1 16893309
1 17007490
1 19668494
1 19876688
1 23120236
1 24050344
1 24108885
2 4781502
2 7272860
2 11633466
2 11829327
2 11940167
2 12786288
2 13682267
2 14468289
2 14856873
2 14961477
2 14963362
2 15354445
2 15412525
2 17210175
2 17282413
2 17613662
2 18023411
2 19074250
2 19313213
2 19677031
2 20853965
2 21447659
2 21756208
3 277200
3 838986
3 980515
3 1168606
3 2867088
3 2942115
3 4212483
3 4572793
3 4618652
3 5981291
3 6675165
3 8020704
3 8250308
3 8727133
3 9074225
3 9152476
3 9264261
3 9276777
3 9458723
3 9458733
3 9716108
3 16134061
3 16963180
3 18404351
3 19408103
3 20865942
3 23058649
3 23072184
3 23475362
3 23555447
3 24202905
3 24956473
3 25795796
3 26701116
3 27527907
3 28604412
4 874049
4 1011026
4 3236891
4 3345845
4 3352486
4 3573817
4 4339551
4 5106853
4 5119049
4 6166971
4 7083608
4 8206790
4 9132562
4 10791407
4 11584057
4 11678818
4 14853649
4 19446018
4 21248558
4 21990329
4 24342682
4 24469806
4 24594652
4 24734209
4 25778023
4 26148100
4 26361881
4 26362267
4 26719795
4 27120544
4 28160751
4 28283931
4 29274092
4 29280212
4 29392721
5 1208547
5 2212465
5 2212485
5 3253121
5 3806375
5 4668837
5 4949178
5 5047050
5 5189958
5 5966389
5 7145459
5 7457518
5 7616911
5 8775134
5 9188398
5 9475555
5 9550358
5 10453940
5 19658451
5 20291172
5 21708123
5 23361095
5 23664007
5 25303867
5 25561300
5 25676880
5 27186724
5 27631828
5 27847687
5 29361588
6 381162
6 1468604
6 2815220
6 3143601
6 3608521
6 4610262
6 5381946
6 6471867
6 6689098
6 8350241
6 9050792
6 9120684
6 10316082
6 13702970
6 16373099
6 18412744
6 19004770
6 24305332
6 24721112
6 26324258
6 26644049
6 26644430
6 27429411
6 27472700
6 28247462
6 29392512
6 29765095
6 30099528
6 30889603
6 31250343
6 32289067
6 32871810
7 151296
7 385221
7 1273022
7 3475611
7 3587892
7 4684260
7 4802971
7 6146867
7 7967409
7 9575511
7 9815381
7 11358633
7 15325417
7 16992468
7 20924872
7 21035305
7 21853410
7 24137303
7 27173841
8 82861
8 718552
8 823623
8 3879672
8 4018656
8 10411097
8 10784584
8 16577189
8 17362488
8 18879604
8 23864329
8 23919103
8 24280115
8 26103013
8 26482293
8 26552294
8 27803024
8 28256534
8 28754395
8 29428918
8 29522399
8 30241182
8 30295112
8 30597658
8 30732088
8 31416314
8 31494222
8 32122355
8 32122402
8 33743749
9 486793
9 589788
9 2597691
9 2682593
9 3875108
9 4226276
9 4390622
9 4997080
9 5403632
9 6366025
9 6478062
9 6849307
9 7970723
9 8935164
9 23613922
9 26902444
9 27371849
9 28897420
9 29227904
9 32047324
9 33249659
9 33549373
9 33549379
10 3133115
10 6133982
10 7431317
10 13082813
10 14322268
10 15938230
10 16317785
10 16979663
10 17196165
10 19196560
10 20004000
10 20647704
10 20703295
10 20930098
10 21184987
10 21187336
10 21219663
10 21269976
10 21286458
10 21556940
10 21795983
10 21832736
10 21862330
10 21997405
10 22316952
10 22391470
10 23240997
10 23888867
10 26211836
10 26275016
10 26429631
10 26527118
10 26945683
10 28784533
10 28982838
10 29561082
10 30685708
10 30755330
10 31139276
10 31429622
11 219216
11 1049892
11 1166873
11 3271260
11 6142933
11 6192276
11 6515826
11 6785007
11 6788398
11 6881282
11 7007063
11 7433270
11 8480970
11 11230737
11 11557812
11 12037918
11 14562280
11 18098763
11 20047994
11 20290539
11 20475565
11 23039842
11 25282736
12 878213
12 3666056
12 10070510
12 11116562
12 11251110
12 11251157
12 11656894
12 12809072
12 16601950
12 18088027
12 19121387
12 21073666
12 26743499
12 30347259
12 42490393
12 46665224
12 56234272
12 56234292
12 59988034
12 60112575
12 63430577
12 63433328
12 65723566
12 65853466
12 66845478
12 77705725
12 77705759
12 82496890
12 85292532
12 92468626
12 94794923
12 94794932
12 94797215
12 99013415
12 101388035
12 105291781
12 107680397
12 114877928
12 117388975
12 117956157
12 118801287
12 118801339
12 129781951
12 133428757
3 17879947
1 1032742
3 1974493
6 17098526
8 3650231
10 16877328
1 7878398
1 958568
1 1169148
1 1175719
1 1660836
1 2102261
1 2176710
1 2176854
1 2176857
1 2176869
1 2678885
1 2905571
1 3150296
1 3183182
1 3208152
1 3360395
1 4159086
1 4503577
1 4836726
1 4870043
1 6017544
1 6017573
1 6053870
1 6130877
1 6379395
1 6379410
1 6379419
1 6699419
1 6850741
1 7345750
1 8408478
1 8431609
1 9260628
1 9267098
1 9394577
1 9581298
1 9592546
1 10010026
1 10219900
1 10536762
1 10734965
1 10991059
1 11542686
1 11894052
1 12034441
1 12588488
1 12895578
1 12980373
1 13077892
1 13100118
1 13493114
1 13528280
1 13593276
1 13767435
1 14009809
1 14153574
1 14509882
1 14702681
1 14940885
1 15243866
1 15462559
1 15466214
1 15472302
1 15909285
1 16793277
1 16793286
1 17097185
1 17097575
1 17146681
1 17622575
1 18779884
1 19376233
1 19376251
1 19450017
1 19466906
1 19477506
1 19478677
1 19478703
1 19658866
1 19876708
1 20900609
1 20900619
1 21520011
1 22785835
1 23462847
1 23714948
2 438264
2 2611015
2 2611024
2 2612123
2 4758011
2 4781052
2 5487063
2 5633446
2 5633451
2 5633477
2 6521969
2 7110966
2 7507019
2 8178895
2 8728478
2 9214781
2 9491796
2 9787899
2 9827505
2 9898949
2 10512778
2 11113884
2 11158334
2 11943866
2 12192043
2 12331922
2 12678826
2 12968641
2 13086652
2 13381902
2 14961478
2 15253896
2 15455057
2 15457524
2 15669226
2 16276455
2 16312252
2 16403373
2 16403667
2 16495066
2 16599730
2 16636793
2 17210225
2 17210275
2 17305243
2 17499610
2 18873142
2 18906758
2 19677036
2 20407286
2 20756200
2 20817771
2 21285213
3 407088
3 887735
3 1097727
3 1571032
3 1971783
3 2771248
3 2861108
3 2867065
3 2870381
3 2870383
3 2901913
3 3582085
3 3961990
3 3967360
3 4212481
3 4215507
3 4710797
3 4773464
3 5981267
3 5981293
3 5981298
3 6405205
3 6422546
3 6675145
3 7679522
3 7823531
3 9289143
3 9458725
3 9458730
3 9997082
3 10129348
3 12504118
3 15139351
3 15610211
3 16134021
3 16134043
3 16989413
3 17879446
3 18250738
3 18250782
3 19135993
3 19136031
3 19374956
3 19400069
3 19490159
3 20210649
3 21042390
3 22129842
3 22140412
3 22399304
3 22901166
3 23577518
3 23748995
3 23851525
3 23851528
3 25575201
3 26701118
3 27766864
3 27792631
3 28391973
3 28391978
3 28476225
3 29195061
3 29241055
3 29732264
3 29938092
4 637745
4 637961
4 807304
4 807312
4 1307662
4 1581358
4 1618334
4 1618426
4 2415569
4 2497797
4 2855898
4 2950375
4 3352487
4 3948277
4 4538011
4 4584008
4 4598846
4 4934817
4 5106355
4 5256748
4 5841078
4 6166968
4 6199978
4 6217191
4 6732309
4 6732345
4 7489918
4 7643891
4 7643946
4 7857777
4 7870514
4 8165886
4 8206792
4 8736961
4 9132564
4 9199784
4 9616864
4 9968756
4 9968773
4 9968789
4 10791409
4 10791414
4 11035062
4 11260256
4 14869425
4 14869440
4 15057495
4 17276373
4 18482971
4 20157732
4 20350568
4 20883013
4 21248559
4 21421654
4 21752166
4 22137248
4 23276067
4 23853363
4 24282801
4 24459890
4 24734205
4 25515229
4 25735142
4 26361886
4 26367533
4 26681358
4 26699817
4 26919216
4 27234566
4 27354208
4 27550529
4 28144194
4 28728336
4 28728351
4 28728384
4 29392678
4 29961148
5 201990
5 201993
5 277853
5 352112
5 352285
5 913916
5 1507533
5 2323703
5 2548702
5 2628755
5 3253123
5 3806377
5 4949096
5 5062931
5 5135978
5 5189912
5 5189926
5 6099795
5 6133201
5 6453219
5 6481736
5 7119054
5 7285940
5 7538144
5 8775139
5 9136020
5 9188400
5 9475751
5 9550617
5 10146839
5 10146849
5 10147309
5 10147311
5 10847946
5 10881839
5 10883828
5 11090283
5 11289884
5 11295813
5 11295872
5 11502038
5 12491115
5 13083417
5 15020258
5 15020272
5 15020302
5 17147966
5 17147972
5 18189090
5 18189142
5 18676115
5 20266907
5 20449971
5 20718836
5 20788743
5 21689768
5 21689777
5 22338607
5 22523928
5 22582516
5 23047865
5 24033097
5 24897297
5 25040463
5 25391550
5 25555486
5 25565624
5 25676882
5 26340537
5 26456203
5 26546471
5 26546705
5 27328615
5 27358364
5 27856955
5 28476435
5 28793475
5 28853108
5 28853113
6 1117931
6 1468607
6 2308874
6 2371405
6 2371429
6 2668041
6 3070963
6 3224989
6 3244255
6 3257427
6 3257428
6 3948517
6 4566203
6 4584117
6 4597602
6 4610264
6 5167481
6 5225659
6 5381948
6 5382746
6 6594816
6 6919828
6 8099752
6 9148194
6 9238874
6 9407777
6 9735315
6 9772358
6 10582433
6 10992245
6 11077633
6 11173326
6 11605723
6 11633178
6 11700288
6 12093771
6 12250362
6 12408848
6 12929986
6 12929992
6 12930025
6 13822282
6 13822324
6 13845208
6 13846589
6 13934765
6 14672393
6 15197306
6 16373101
6 18122195
6 18122207
6 19974773
6 19974781
6 21506412
6 23299941
6 25227374
6 25694941
6 27015158
6 27420664
6 28051049
6 29376474
6 29524823
6 29757406
6 29765112
6 29959583
6 30302995
6 31010828
6 31056405
6 31250307
6 31393047
6 31541669
6 32762681
6 32871812
6 33104165
6 33104168
6 33104183
6 33301536
6 33482097
6 34008353
6 34054549
6 34751709
7 151262
7 1789223
7 3000050
7 3000088
7 3000095
7 3028305
7 3209098
7 4076209
7 6017494
7 6147083
7 6147122
7 6595329
7 6595336
7 6763084
7 7103785
7 7256517
7 7557654
7 8265782
7 8584189
7 8824503
7 10189598
7 10402900
7 10608626
7 11285002
7 11285006
7 11362453
7 11579111
7 12010104
7 12065069
7 12398969
7 12832764
7 12832779
7 13013757
7 13283239
7 17308646
7 19732529
7 20852891
7 20998155
7 21035307
7 21051329
7 22634914
7 23038487
7 23412776
7 23741226
7 24190051
7 24210340
7 24211804
7 24317562
7 24943930
7 24943954
7 25660040
7 26167651
7 26936628
7 27196855
7 27599305
7 27921901
7 28271868
8 111517
8 718504
8 807699
8 1217887
8 1540208
8 1735310
8 2192362
8 2292517
8 2327788
8 2353352
8 2416946
8 2416949
8 2596331
8 3322685
8 3379626
8 3430491
8 3879657
8 3927171
8 4350229
8 5070977
8 5131880
8 6210652
8 6993829
8 7400353
8 7918840
8 9389400
8 9463787
8 9463796
8 10307842
8 12213199
8 12233985
8 12589395
8 12880431
8 12985190
8 12985202
8 13373130
8 14295653
8 16119080
8 16119087
8 16119115
8 16119124
8 17236246
8 17362479
8 17414591
8 18878738
8 18879631
8 21411885
8 22697316
8 22697952
8 23140135
8 24991245
8 25250752
8 25706471
8 26240262
8 26383654
8 26443100
8 26552293
8 27699890
8 28141191
8 28602166
8 28752925
8 28832998
8 29549567
8 29666461
8 29811551
8 30196342
8 30521144
8 30598039
8 30625038
8 31145398
8 31301715
8 31555697
8 31843764
8 32353864
8 32505035
8 33026534
8 33743751
8 33991428
9 1208506
9 1208522
9 1539669
9 1980789
9 2085336
9 2374595
9 2829847
9 2965293
9 3162091
9 3174876
9 3824271
9 3824292
9 3824312
9 3939292
9 4868759
9 5403634
9 5407265
9 5567036
9 5743431
9 5803183
9 5871685
9 6141647
9 6277879
9 6312771
9 6343313
9 6366046
9 6366265
9 6380954
9 6433434
9 7050424
9 7151699
9 7269874
9 7376817
9 7405237
9 7405607
9 7835167
9 7970742
9 8256860
9 8499813
9 8500260
9 8793373
9 8807807
9 9450047
9 9504667
9 9614759
9 9646489
9 9759141
9 11316854
9 11832901
9 12045270
9 12494306
9 12494318
9 12494351
9 13470537
9 15230096
9 16750684
9 17717641
9 22325792
9 22325812
9 22325830
9 25314186
9 27731534
9 27975779
9 28291163
9 29013365
9 29312626
9 29521558
9 29728836
9 29814818
9 30420314
9 31589400
9 31919667
9 31965674
9 32220634
9 32293107
9 32678105
9 32776173
9 32776190
9 33364108
9 33549349
10 3133117
10 3135965
10 3141839
10 3295495
10 3466660
10 5992446
10 6133123
10 7125640
10 7431261
10 14661639
10 16202100
10 16455197
10 17738987
10 18514038
10 18952345
10 19521663
10 20004004
10 20253062
10 20315598
10 20647706
10 20856311
10 21017265
10 21219665
10 21435492
10 21435501
10 21435507
10 21435546
10 21582828
10 21822377
10 21862311
10 21901596
10 22350108
10 22361333
10 22684541
10 22849667
10 22956004
10 23270107
10 23495063
10 23746300
10 24146971
10 24907609
10 25022080
10 25037968
10 25439567
10 25679357
10 25904966
10 26211807
10 27047271
10 27125603
10 27359448
10 27406572
10 27447735
10 27603875
10 28229285
10 28784510
10 29190543
10 29507737
10 29757327
10 30685693
10 30761133
10 30761173
10 30920421
10 31358738
10 31423028
10 32119987
10 32419491
10 32959348
10 33287049
11 644891
11 805817
11 991953
11 1486840
11 1604061
11 1731887
11 1953947
11 1954099
11 2055684
11 2055690
11 2188978
11 2469610
11 2549124
11 3605178
11 3965910
11 4360575
11 4816058
11 5499904
11 5731188
11 6300927
11 6487146
11 6881272
11 7050564
11 7053398
11 7814857
11 8027464
11 8352191
11 8793911
11 9945400
11 10513934
11 10513938
11 11277894
11 11278502
11 11407735
11 11557745
11 11557753
11 11557811
11 11558035
11 11782270
11 12037920
11 16277766
11 16277773
11 16568419
11 16874514
11 17619633
11 17653942
11 17817413
11 18067819
11 18827795
11 19710542
11 19963738
11 20047920
11 20236861
11 20890580
11 21015917
11 21948036
11 21970996
11 22840097
11 23048864
11 23138535
11 23337789
11 23856627
11 23856635
11 24427329
11 24630381
11 24919839
11 24974811
11 25188784
11 25293218
12 3270993
12 3601913
12 3936712
12 5648509
12 5802822
12 5802854
12 7489030
12 10070512
12 10703962
12 11467497
12 12809074
12 16601947
12 19016678
12 19121558
12 22141440
12 25513209
12 26946078
12 28863461
12 29273837
12 30037839
12 30347253
12 30347271
12 33233247
12 33474155
12 34416876
12 35234269
12 38684721
12 43006564
12 43006608
12 45308416
12 46304263
12 47832096
12 49080991
12 49991764
12 49991766
12 49991787
12 50435965
12 53699796
12 53699814
12 53699846
12 58017504
12 59055206
12 59055230
12 60112580
12 60696825
12 63451294
12 64101101
12 64596460
12 64596484
12 64596655
12 65723579
12 65723580
12 65723586
12 65723612
12 66845487
12 67965627
12 68519064
12 68519111
12 69174277
12 69731369
12 71147769
12 73589551
12 73998898
12 75302501
12 77574241
12 77574597
12 77574603
12 77574631
12 82496857
12 84887873
12 86618953
12 87246407
12 89163497
12 89163500
12 89163501
12 89400044
12 89400248
12 91667138
12 94139477
12 96403477
12 97539693
12 97541043
12 97794036
12 98606757
12 102548714
12 105291783
12 108391723
12 110093084
12 111378144
12 111519831
12 111520994
12 112567066
12 112567086
12 115493530
12 116167207
12 116167253
12 116167260
12 116843399
12 116843404
12 116955374
12 116955415
12 117336789
12 117956134
12 118056365
12 118172087
12 118533737
12 118670595
12 118801305
12 120491951
12 123051513
12 123076673
12 123307815
12 123500483
12 124812029
12 124812038
12 126742932
12 129781945
12 129781958
12 129781965
12 129781998
12 129933137
12 129933151
12 129933161
12 129933162
12 130511753
12 130511764
12 130511770
12 130895474
12 130895507
12 132386203
12 133428736
12 135649327
12 136781216
12 138018274
12 138226044
12 138226064
12 138315756
12 139490957
10 2057680
10 2057682
10 21019532
9 3589312
2 4758001
5 78304
10 23746324
11 19839461
12 48499859
12 135084173
2 11109692
3 9997094
4 26367534
11 445395
12 10703951
12 102548719
1 1521723
1 3364683
1 5214668
1 9593032
1 10100821
1 11047414
1 11520367
1 11753582
1 12721332
1 13050215
1 13371281
1 13486525
1 13493109
1 13493111
1 15198504
1 15497995
1 16238914
1 16568187
1 17213178
1 18502167
1 18676738
1 22785873
1 23797175
1 23925926
1 24066041
1 24108879
1 26727719
1 26798353
2 4783568
2 7559072
2 8052171
2 8068238
2 9661676
2 9827501
2 12772476
2 12972146
2 13392922
2 13412865
2 17305238
2 17355161
2 17412480
2 18142218
2 18539902
2 19528997
2 20630832
2 21448892
3 541429
3 3681378
3 4425325
3 5222337
3 7240123
3 7678136
3 7678147
3 9570566
3 9997096
3 13911487
3 16171456
3 17879939
3 19539562
3 19620771
3 21846972
3 23865384
3 24308827
3 25152928
3 25393289
3 27792653
3 28593317
4 1581383
4 2210177
4 3232530
4 4339561
4 4527358
4 5059673
4 5464279
4 6166970
4 8103954
4 8165892
4 9130768
4 9616843
4 9849561
4 15847757
4 15847808
4 20423824
4 20423825
4 23329161
4 23394789
4 24311822
4 24670093
4 25892254
4 26361240
4 26361932
4 26361945
4 26366807
4 26366930
4 26439210
4 26445068
4 26602226
4 27974767
4 28902297
4 29205261
5 913954
5 1954956
5 2212467
5 2775574
5 5288031
5 6176334
5 6768061
5 7803455
5 7867014
5 8453740
5 8963512
5 9459527
5 9550444
5 10147238
5 10756221
5 11090519
5 17147958
5 20278093
5 21411056
5 22777635
5 26347509
5 26546382
5 28569868
6 4090070
6 9406311
6 12929984
6 13966658
6 25126977
6 29765096
6 30599653
6 30763958
6 30787343
6 31059613
6 31250450
6 32121224
6 33845154
7 525274
7 1513303
7 1521706
7 2783724
7 3267803
7 3736953
7 3736975
7 4288718
7 4288719
7 5181921
7 5982575
7 6595349
7 6595371
7 7190560
7 9192509
7 10189642
7 10402898
7 10608630
7 11358656
7 19188765
7 20852900
7 21114808
7 21740715
7 23871751
7 24137329
7 24150328
7 25538204
7 26273870
7 26316890
7 27250552
8 1220868
8 3095489
8 3167310
8 5939493
8 6669045
8 7316240
8 7603319
8 7956503
8 8208638
8 9391395
8 11959486
8 17236254
8 17236256
8 17414588
8 22697928
8 23318322
8 25018388
8 25250741
8 25437023
8 28141195
8 28538230
8 29428960
8 30579994
8 31035291
8 32373160
8 32621838
8 33047440
9 732166
9 824795
9 1252539
9 2654606
9 2780700
9 2960181
9 3939301
9 3939325
9 5336391
9 5512184
9 6381004
9 7151678
9 7561467
9 7969235
9 11349122
9 12494314
9 12494325
9 12494366
9 13632209
9 23607070
9 23614028
9 27175319
9 28279081
9 28554038
9 28641841
9 29221965
9 30467750
9 31538566
10 1217484
10 7050183
10 7125619
10 7431239
10 14426331
10 14890886
10 17034437
10 19196559
10 19570222
10 21267994
10 21334032
10 21519501
10 21582827
10 23741706
10 24229182
10 24262055
10 26057045
10 27495265
10 27724116
10 28329075
10 29165978
10 29530043
10 30721565
10 31358709
10 31734331
10 32552628
11 418856
11 623032
11 1299415
11 3900090
11 3965905
11 10120400
11 10120401
11 10521528
11 12037814
11 12782702
11 13540101
11 15724695
11 15921034
11 15921056
11 17519784
11 23986913
11 24692583
11 25293225
12 878203
12 1067889
12 5802869
12 11656853
12 18760989
12 19975892
12 20255830
12 21099233
12 23367127
12 27862386
12 34849933
12 40309786
12 43197869
12 52628106
12 60513819
12 63451307
12 65723568
12 71891566
12 77452418
12 77574217
12 82496886
12 87667990
12 89392644
12 94139461
12 97541041
12 102364934
12 102548733
12 107285699
12 108329302
12 109175215
12 111378168
12 111378179
12 115625382
12 116167244
12 116955375
12 117338582
12 117338598
12 118205973
12 120713470
12 123307840
12 125626733
12 129933152
12 132386192
12 133866226
12 138018540
12 138226030
8 13834272
12 110093078
12 60069964
7 6595344
9 22325819
12 110085425
1 2274082
1 2672545
1 5240305
1 5805864
1 6017531
1 6577066
1 6747153
1 6918710
1 7680469
1 8767367
1 8970018
1 9104310
1 9592917
1 9592952
1 9593026
1 10947945
1 11392229
1 11763746
1 11943217
1 12034491
1 12721338
1 13593278
1 14168145
1 14702683
1 17213023
1 17432198
1 19225916
1 19376287
1 19588389
1 19831549
1 23714941
1 24050351
1 25603385
1 25754972
1 25754987
1 26727726
2 2611050
2 3023491
2 5633480
2 7901989
2 8179349
2 9666610
2 9787905
2 9903419
2 10214748
2 10453663
2 10453684
2 11496496
2 11882697
2 12563494
2 12615834
2 12972465
2 14902895
2 15528784
2 16457341
2 17210173
2 17232323
2 17304993
2 17305242
2 17323824
2 17355150
2 17833552
2 18019836
2 18023359
2 19775456
2 20823125
2 21647859
3 1017710
3 1168607
3 1971777
3 2676123
3 2847260
3 2867078
3 3120342
3 3235571
3 4215492
3 4572497
3 6039907
3 7337661
3 7678182
3 8155886
3 8250300
3 8486732
3 8584753
3 9572201
3 9997126
3 16134046
3 16134051
3 17734397
3 18404352
3 19080485
3 20531701
3 20778296
3 21998090
3 22140402
3 22140411
3 22140429
3 22901205
3 23072139
3 23338619
3 23473069
3 23749018
3 24126299
3 24308910
3 24316761
3 24993781
3 26701120
3 28255207
3 29602431
4 807343
4 1968683
4 3338777
4 3672218
4 3672259
4 4122587
4 4583993
4 4583994
4 6428104
4 6468491
4 6720907
4 7083609
4 7528350
4 7643889
4 7768195
4 9208606
4 9814218
4 9900379
4 10593269
4 14684813
4 16727571
4 19675636
4 19830887
4 20247203
4 20694520
4 21144592
4 23091640
4 23133730
4 23622381
4 24459892
4 25127511
4 25720074
4 26002713
4 26147982
4 26361935
4 26366788
4 26366942
4 26367287
4 26367782
4 26606672
4 26770274
4 27290026
4 27816708
4 28160739
4 29630505
5 502660
5 1520690
5 2776468
5 2793111
5 3253125
5 3861404
5 4989282
5 5123318
5 5289682
5 6439147
5 6825438
5 7180060
5 7391282
5 7566597
5 9136051
5 9226262
5 9459546
5 9550643
5 10394092
5 10883835
5 11229753
5 11502012
5 17439100
5 17845128
5 18960853
5 21282535
5 22596444
5 23325968
5 23663986
5 23663991
5 24663732
5 24829141
5 24968451
5 25538534
5 25565621
5 25587844
5 25676884
5 25864010
5 26094202
5 26994815
5 27358366
5 27562647
5 27667286
6 283866
6 381927
6 568387
6 1123694
6 3108383
6 5225660
6 5388002
6 6164571
6 7073119
6 7492757
6 7637395
6 7740528
6 8838095
6 8850048
6 8955579
6 10086751
6 10871184
6 12152038
6 12183440
6 12669400
6 13185443
6 13411819
6 14055616
6 15123234
6 17098534
6 19005193
6 24394108
6 27011147
6 27403207
6 27429405
6 27472706
6 28506917
6 29229947
6 30768318
6 31182382
6 31187177
6 31250012
6 31250108
6 31393071
6 31666345
6 32025570
6 32871814
6 33151052
6 33482060
6 33845102
6 34084599
6 34703730
7 792792
7 803475
7 1049052
7 1508167
7 1600679
7 2910018
7 4709101
7 6146911
7 6595342
7 6595357
7 6595368
7 6595381
7 6723110
7 6723133
7 7755175
7 8822788
7 8949176
7 9618209
7 10189596
7 10508133
7 12536171
7 20154944
7 21035309
7 21736528
7 21853372
7 23398899
7 23782772
7 25478148
7 25696218
7 26856402
7 27265642
7 28271870
8 785516
8 807668
8 807672
8 1173759
8 1452564
8 1592006
8 2327708
8 2347289
8 2353354
8 3093729
8 4350241
8 4858101
8 5801868
8 6210658
8 7325219
8 7399930
8 7400349
8 7683844
8 7918876
8 8514256
8 9463799
8 10560520
8 12571472
8 12589434
8 13238508
8 16577155
8 17236276
8 17414537
8 18032888
8 18156830
8 18879616
8 22697936
8 26482108
8 26742474
8 26945002
8 28084314
8 28141183
8 28437235
8 28538246
8 28812500
8 30064643
8 30737023
8 32122372
8 32122393
8 32864192
8 34152457
8 34152458
9 526541
9 646438
9 2086344
9 3523109
9 3684325
9 3733339
9 3824317
9 5795836
9 6251061
9 6488124
9 6885561
9 7269876
9 7677092
9 7970734
9 8499812
9 9759120
9 10079122
9 15230108
9 22325780
9 25314197
9 25759814
9 25759859
9 25765228
9 28553892
9 29843448
9 30232213
9 30468073
9 30834700
9 31972266
9 33276980
9 33277002
9 33773775
10 949322
10 6133136
10 9330089
10 11892859
10 13482733
10 16919731
10 17034699
10 17796428
10 19996366
10 20355673
10 21305356
10 21435526
10 22316951
10 23033756
10 23241003
10 23535716
10 24262070
10 24417186
10 25746896
10 26034218
10 26508221
10 27514288
10 27936787
10 29561055
10 30893912
10 33287050
11 418859
11 1049891
11 1049894
11 1166892
11 1294784
11 1572686
11 1585342
11 1698778
11 2260990
11 2311529
11 2311550
11 2933405
11 3259594
11 3516569
11 3708792
11 3884904
11 3907631
11 4371923
11 6011288
11 6199629
11 7433306
11 11557915
11 12906055
11 12906391
11 16182678
11 16182719
11 16568418
11 18472088
11 19963754
11 20290537
11 20290560
11 20435749
11 20653289
11 20734911
11 20961827
11 21015912
11 21217264
11 21759734
11 22187151
11 22352715
11 23535443
11 23856636
11 24671606
12 1067887
12 1505003
12 2790923
12 11204209
12 11656898
12 12809076
12 14818024
12 14818025
12 16601946
12 17970628
12 18608856
12 18680748
12 19016652
12 19121585
12 21072727
12 23238975
12 23367121
12 26743490
12 27476075
12 29273828
12 30373182
12 30404681
12 33082381
12 35234255
12 41827180
12 48247435
12 49693274
12 65723611
12 67037632
12 69174242
12 71147801
12 71435397
12 75302500
12 77574610
12 86853728
12 92468597
12 97540907
12 97540923
12 102548721
12 110085436
12 111334054
12 111804610
12 112567051
12 112567084
12 113698163
12 114044002
12 114877934
12 118170962
12 118205983
12 118483215
12 118671650
12 118672505
12 119116851
12 120491900
12 120711078
12 120711987
12 120712301
12 120712305
12 123051494
12 127750355
12 127750382
12 127750383
12 127969149
12 129557247
12 129557832
12 130450823
12 131994534
12 131994537
12 131994541
12 131994550
12 131994562
12 133428703
12 133866187
12 137093122
12 138018278
12 138018499
12 138018574
12 138322836
4 8206794
8 22697275
8 32587238
10 21787354
11 8548385
11 22374641
12 30373145
12 118484232
2 5088413
2 9898917
2 14902874
3 2704379
3 9265889
3 12796845
3 30058493
4 19446008
5 78306
8 3650233
8 17236252
9 3939297
9 8385358
9 12494362
11 16277786
12 878185
12 43197863
12 48499861
12 120711947
12 133866194
1 139482
1 965498
1 2176875
1 2973087
1 3139984
1 3920673
1 5240302
1 6176340
1 7829298
1 8009473
1 8590666
1 9104308
1 9345930
1 9428637
1 9581309
1 9581315
1 9592557
1 10007988
1 10137361
1 12028151
1 12532243
1 12571372
1 13493110
1 13528275
1 13624193
1 13983087
1 14556157
1 16430781
1 16760138
1 17068200
1 17097551
1 17439392
1 17639166
1 17823471
1 17823474
1 19225889
1 19376267
1 19450053
1 19450066
1 19478460
1 21530843
2 4781508
2 7111006
2 7111017
2 7507021
2 8728483
2 9491766
2 9903375
2 10453662
2 10823689
2 12615816
2 13019851
2 13138832
2 14336173
2 14856832
2 15157318
2 15198591
2 15553701
2 15611796
2 16312249
2 16364763
2 16966370
2 17011887
2 17282410
2 18023372
2 19091303
2 21628100
3 1008682
3 1017685
3 1112246
3 1563537
3 2088502
3 2861098
3 2867084
3 3120363
3 3582114
3 4722678
3 7478299
3 7817844
3 8459413
3 8905787
3 9475091
3 10129344
3 13187447
3 16895638
3 17969184
3 19539554
3 21848714
3 22140381
3 22140414
3 23368849
3 23668750
3 23851534
3 24308802
3 24308808
3 25684307
3 26892593
3 27616464
3 28255193
3 29482974
4 807311
4 1261325
4 1559322
4 1618366
4 2595420
4 2595458
4 2595470
4 3236868
4 3236889
4 3236890
4 4133587
4 4538020
4 4584029
4 4934830
4 4934853
4 5387870
4 5943994
4 6573938
4 6620567
4 6672515
4 6732312
4 7768197
4 10357584
4 11022902
4 11427488
4 14480751
4 15724949
4 18424444
4 19442329
4 19932407
4 20226187
4 20883697
4 20883702
4 21155756
4 21967227
4 22637942
4 23099505
4 25279352
4 25892271
4 26148066
4 26150383
4 26361889
4 26362275
4 26367526
4 26367769
4 26367790
4 26516285
4 26516315
4 26699824
4 27161864
4 27161897
4 29040404
4 29040405
4 29040440
4 29040665
4 29335259
4 29368590
4 29475548
4 29610339
5 502655
5 913951
5 1006504
5 3393847
5 4830155
5 5400307
5 5447778
5 6133159
5 6399496
5 6481752
5 6516607
5 6768099
5 8320869
5 8767920
5 9188371
5 9475553
5 9550323
5 9550629
5 10147096
5 10827602
5 10883843
5 12102023
5 17949463
5 20291275
5 21916384
5 22338639
5 25024310
5 25167590
5 25555487
5 26082087
5 26546375
5 27358291
5 27358367
5 27856913
5 28645477
5 28903434
5 29145860
5 29211124
6 1117956
6 1162080
6 1280103
6 1819917
6 2371388
6 3143596
6 3244214
6 4275429
6 7022801
6 7288798
6 7740560
6 8191209
6 9027683
6 9148175
6 9463114
6 10086788
6 10430195
6 11046078
6 12163206
6 13662501
6 13769482
6 13827975
6 13846583
6 16516311
6 17098530
6 18122224
6 23220204
6 24305304
6 24394093
6 24563560
6 26612232
6 26770486
6 27011162
6 27472703
6 28609402
6 29175131
6 29175149
6 30666637
6 31059343
6 31081779
6 31250068
6 31256276
6 31541636
6 31566764
6 32025613
6 32650913
6 32653308
6 33002379
6 33469075
6 33482106
7 187494
7 385224
7 1508182
7 1533178
7 2227199
7 2774834
7 4617776
7 5982572
7 6384039
7 7014209
7 7323650
7 9057472
7 10189584
7 10189605
7 10189612
7 10189617
7 10812943
7 11215458
7 12010090
7 12402499
7 12833063
7 21051309
7 21152471
7 21466338
7 22634875
7 22865011
7 24548843
7 24548847
7 24652028
7 24667196
7 24943948
7 25800670
7 25820873
7 26407973
7 26537930
7 26635279
7 27846004
7 28271866
7 28561830
8 837341
8 885649
8 1323458
8 1591987
8 1981428
8 2410010
8 2416943
8 2498014
8 3264959
8 3322708
8 3402044
8 3926308
8 4149192
8 4638809
8 4858074
8 5131887
8 5939494
8 6669046
8 7399905
8 7918850
8 12589431
8 12975112
8 13023388
8 13238502
8 13318375
8 13452105
8 14364550
8 16019492
8 17362527
8 20730068
8 23713990
8 23869589
8 25251145
8 28141179
8 30064652
8 30521129
8 30799625
8 31439249
8 31469911
8 32558334
8 33991434
8 34154999
8 34661750
9 799128
9 1263796
9 1486922
9 2884458
9 3601737
9 6380959
9 6433453
9 6433644
9 7151655
9 7729321
9 9197146
9 9614752
9 9633195
9 9759126
9 9818119
9 10079101
9 10079140
9 10341656
9 11241410
9 11467030
9 11832916
9 22311994
9 22786624
9 23258909
9 25316005
9 27336949
9 27336955
9 27371846
9 28365837
9 28553906
9 30780516
9 31149570
9 32372593
10 7431299
10 10875654
10 14078948
10 14661591
10 16451017
10 16509314
10 16979647
10 17034700
10 18419173
10 18642230
10 20891654
10 20935626
10 21215669
10 21556933
10 22849640
10 22887171
10 22906177
10 23218273
10 23247612
10 23672355
10 23746298
10 24229189
10 24229227
10 25022067
10 25022107
10 26169562
10 27065598
10 27065631
10 27670618
10 28322096
10 28600715
10 28784505
10 30189984
10 30720871
10 30755331
10 30755460
10 32959357
10 33036485
10 33287060
11 418860
11 840383
11 992377
11 1572729
11 2214564
11 2529188
11 2549151
11 3076136
11 3486007
11 3708763
11 4556414
11 4924522
11 5385700
11 5689940
11 6173828
11 6975321
11 7050544
11 7389790
11 7433300
11 7945042
11 7974469
11 8548383
11 8706498
11 9945457
11 10514341
11 11268868
11 11557738
11 11558080
11 15147912
11 16283355
11 17316849
11 20290567
11 20845773
11 22205377
11 22921576
11 23290585
11 23514038
11 23793490
11 24142406
11 24427326
11 24558122
11 24565484
12 372866
12 1504982
12 16601941
12 25919051
12 25919054
12 26455049
12 26743539
12 27862382
12 28656934
12 30037818
12 32457055
12 35234248
12 56277276
12 60112613
12 64596664
12 75520780
12 77309956
12 83678788
12 87246406
12 92468635
12 95454134
12 107680399
12 108391707
12 110085465
12 114877937
12 123500484
12 130895524
12 132911259
12 138018267
9 11313121
4 26367569
7 1508200
7 13013805
8 31774290
8 16577181
9 442990
1 139492
1 310444
1 559190
1 1168693
1 1521716
1 2176755
1 2303950
1 2915569
1 2973072
1 2973084
1 3364737
1 3492812
1 3524170
1 4739039
1 5228700
1 5341468
1 5372797
1 5890408
1 6017562
1 6119176
1 6147959
1 6287244
1 6396814
1 6428931
1 6893518
1 7680459
1 7823536
1 8009458
1 8460491
1 8916338
1 8916984
1 9176411
1 9336273
1 9345913
1 9394579
1 9581312
1 9581318
1 9592536
1 9629902
1 10734947
1 11392228
1 11709812
1 11888387
1 11937842
1 12684373
1 12852160
1 12980379
1 13077938
1 13421129
1 13493144
1 13582283
1 13983566
1 14768730
1 14851786
1 14874562
1 15110938
1 15118690
1 16402936
1 16430784
1 16430799
1 16485439
1 16760137
1 17622559
1 17622615
1 18226531
1 18676740
1 18676741
1 19450032
1 19450042
1 19680893
1 19764396
1 20900662
1 21530825
1 21530867
1 21807728
1 23714940
1 23976186
1 24066005
1 24066043
1 24066045
1 24108911
1 25603362
1 25603373
1 25603391
1 25754940
1 25754963
1 26727754
2 2611070
2 4757997
2 4758010
2 4781891
2 5633434
2 7272862
2 7272868
2 7507020
2 7507033
2 7531423
2 7573354
2 8857457
2 8934445
2 9491790
2 9528778
2 9528884
2 9571187
2 9933243
2 10231307
2 10838469
2 10959157
2 11009298
2 11323597
2 11323619
2 11619496
2 13019860
2 13403891
2 13628628
2 14961519
2 15157354
2 15354443
2 15447770
2 15798371
2 16276465
2 16403660
2 16851864
2 16901161
2 17282396
2 17282401
2 17301626
2 17577075
2 17743109
2 18019853
2 18019901
2 18023377
2 18059448
2 18539911
2 18539923
2 18829907
2 19016824
2 19091345
2 19091352
2 19091357
2 19267336
2 19325425
2 19491811
2 19593004
2 20125214
2 20125226
2 20318651
2 21190362
2 21447653
2 21448940
2 21852212
3 178212
3 277194
3 1511020
3 1679772
3 1999456
3 2240802
3 2816177
3 2847299
3 2847537
3 2870390
3 2935811
3 2989546
3 3135834
3 3136378
3 3219758
3 3307775
3 3549182
3 3582087
3 3582110
3 3967386
3 4212485
3 4265750
3 4265775
3 4723876
3 4739335
3 4773446
3 4780847
3 5030956
3 5222311
3 5222320
3 6039901
3 6039913
3 6039919
3 6444204
3 6504195
3 7358426
3 7664644
3 7679514
3 7679519
3 7679524
3 7842305
3 8070010
3 8070043
3 8164018
3 8220753
3 8482649
3 8822027
3 9253016
3 9289333
3 9600341
3 9997079
3 9997105
3 9997130
3 10129346
3 12796798
3 12796824
3 12796849
3 12796850
3 12796855
3 12869146
3 13911504
3 15519915
3 15610152
3 15843565
3 15970789
3 16895601
3 17229308
3 18317205
3 18317357
3 18532568
3 18994175
3 18994398
3 18994416
3 19136032
3 19294401
3 19408091
3 20417516
3 21018774
3 21460443
3 21846968
3 21955934
3 22426200
3 22901170
3 23072142
3 23083021
3 23137990
3 23368828
3 23498796
3 23921454
3 23921484
3 24040662
3 24137026
3 24308685
3 24308856
3 24308858
3 24316779
3 24487425
3 25002440
3 25126900
3 25153493
3 25393100
3 25445670
3 25795765
3 25916444
3 25916954
3 26086172
3 26240384
3 26892602
3 26987196
3 27616203
3 27722927
3 27763594
3 28270262
3 28587657
3 28606894
3 28629291
3 28629303
3 28629327
3 29602462
3 29707435
3 29707452
3 29707456
3 29914462
3 30201731
4 645191
4 924115
4 1085918
4 1138896
4 1506407
4 1581367
4 2359015
4 2928396
4 3033464
4 3202793
4 3202817
4 3338771
4 3672216
4 3680924
4 4095802
4 4168827
4 4527378
4 4529829
4 4751139
4 5119085
4 5206305
4 5387846
4 5539478
4 5989026
4 6428108
4 6548534
4 7259765
4 7489877
4 7528340
4 7643903
4 7643918
4 7726151
4 7739782
4 7926394
4 8103980
4 8165894
4 8165915
4 8271306
4 8271312
4 9107838
4 9118679
4 9118711
4 9132403
4 9806963
4 9968738
4 9968753
4 9968772
4 9968775
4 9968788
4 9968790
4 10437382
4 10447949
4 10447955
4 10559619
4 10719289
4 10916550
4 11022857
4 11022866
4 11022893
4 11197938
4 11332732
4 11584046
4 11584054
4 11656194
4 12027252
4 13823921
4 13823932
4 14662740
4 14869426
4 15725477
4 15847770
4 17276355
4 17276396
4 17695464
4 19446013
4 19446020
4 19446021
4 19574702
4 19605302
4 19605332
4 19605344
4 19704983
4 20226203
4 20848909
4 20850853
4 20894176
4 20940757
4 21587945
4 21990314
4 21990335
4 22438366
4 23180325
4 23208351
4 23317631
4 23860035
4 24003960
4 24106376
4 24282766
4 24617642
4 25515183
4 25892177
4 26024639
4 26148099
4 26274568
4 26361274
4 26362276
4 26366770
4 26366941
4 26381869
4 26420982
4 26506000
4 26516296
4 26721614
4 27175110
4 27292304
4 27334480
4 27424958
4 27556595
4 28091818
4 28250310
4 28283933
4 28940369
4 29392437
4 29392687
4 29610316
4 29875259
5 245128
5 520147
5 1298369
5 2628757
5 2971648
5 3386141
5 3764864
5 3897857
5 4215324
5 4386446
5 4668798
5 4672206
5 5289679
5 6099778
5 6099784
5 6520804
5 6768091
5 6768111
5 7477153
5 7701847
5 8018130
5 8775106
5 8826419
5 9228639
5 9370304
5 9475602
5 9475754
5 9475760
5 9550317
5 9811666
5 9903244
5 10133597
5 10147132
5 11289880
5 11295845
5 11295870
5 16265618
5 16349483
5 17147964
5 17147980
5 17147984
5 17439097
5 17439101
5 17439103
5 17845121
5 18676118
5 19387194
5 19424513
5 19782009
5 20089343
5 20278056
5 20281983
5 22307549
5 22596490
5 23047841
5 23047849
5 23047870
5 23244871
5 23361097
5 23376242
5 24060445
5 24060476
5 24430999
5 24632970
5 24663039
5 24829122
5 25024267
5 25024421
5 25024430
5 25261602
5 25531517
5 25688776
5 26007025
5 26105474
5 26350609
5 26546354
5 26546370
5 26546472
5 26624960
5 26747717
5 26898526
5 27208174
5 27358290
5 27358306
5 27427116
5 27661745
5 27667275
5 27856931
5 28087778
5 28297762
5 28650349
5 28669434
5 28710660
5 28850628
6 296860
6 360060
6 627702
6 679855
6 680133
6 1053542
6 1124842
6 1280116
6 1291529
6 1307609
6 1622734
6 1725675
6 1729425
6 1805363
6 1967245
6 2668009
6 3257401
6 3405351
6 3877835
6 3992929
6 4090035
6 4220952
6 6251117
6 6769504
6 7657581
6 7667597
6 7668139
6 7909143
6 8249641
6 8326392
6 8923991
6 8955548
6 8955573
6 8955585
6 9265596
6 10086787
6 10514840
6 10634247
6 10696249
6 10859978
6 11077622
6 11077667
6 11475839
6 11946310
6 12018132
6 12093820
6 12250393
6 12332589
6 12408844
6 12427927
6 12644198
6 12823680
6 12937612
6 12965639
6 13411867
6 13809348
6 13846625
6 13846628
6 14121391
6 17965266
6 18122208
6 18574486
6 18921620
6 19974762
6 19974771
6 19974779
6 19974787
6 22487358
6 23993605
6 24457076
6 24457079
6 24773921
6 25227360
6 25314640
6 25593335
6 26148951
6 26464255
6 26752883
6 26761061
6 26770534
6 27014510
6 27144855
6 27166863
6 27184956
6 27403201
6 27429413
6 27464768
6 27472712
6 27807294
6 28435464
6 28497355
6 29825316
6 29826488
6 30524983
6 30547120
6 30665915
6 30665944
6 30973324
6 31059610
6 31094060
6 31250051
6 31250075
6 31250148
6 31250495
6 31250498
6 31541638
6 31737644
6 32025583
6 32112553
6 32459071
6 32644114
6 32653300
6 32739390
6 33062129
6 33104166
6 33104189
6 33104190
6 33138482
6 33138489
6 33301572
6 33440450
6 33443679
6 33482079
6 34476692
7 151269
7 151302
7 321232
7 647735
7 647769
7 792757
7 1171322
7 1272998
7 1508201
7 1862338
7 1979145
7 2175527
7 2211065
7 2215622
7 2215667
7 2932554
7 3024594
7 3209024
7 3209041
7 4334567
7 4337068
7 4743728
7 6064295
7 6127263
7 6141163
7 6146873
7 6147095
7 6286157
7 6595334
7 6595353
7 6595365
7 7323637
7 7346601
7 7346618
7 7696240
7 7713233
7 7987170
7 8161360
7 8824499
7 9007844
7 9021898
7 9065365
7 9113938
7 9113940
7 9381235
7 10189593
7 10189607
7 10342678
7 11108834
7 11358650
7 12537409
7 12833008
7 12863537
7 13013808
7 14412451
7 14412468
7 14412478
7 15325443
7 20154978
7 20852886
7 20852898
7 21114809
7 21152502
7 21736533
7 22835195
7 23412781
7 24063001
7 24137332
7 24190060
7 24210345
7 24210464
7 24210489
7 24211782
7 24550360
7 25129042
7 25581527
7 25622894
7 26316908
7 26407952
7 26520663
7 26877526
7 26936608
7 27265583
7 27265623
7 27369395
7 28054149
7 28266069
7 28563130
8 746872
8 1365586
8 1741537
8 1980567
8 2705408
8 3265016
8 3265052
8 3265177
8 3330448
8 3650229
8 3889889
8 3955163
8 4488758
8 4858053
8 4858071
8 5247195
8 5351949
8 6241566
8 6700197
8 6946168
8 7239240
8 7399945
8 7705901
8 7722072
8 7860785
8 7956506
8 8028296
8 8683457
8 9222530
8 9674349
8 12234006
8 12438073
8 12985161
8 12985195
8 12985197
8 13238512
8 13373134
8 13834241
8 16119118
8 16577159
8 16577160
8 16577172
8 16577211
8 16677691
8 16818543
8 17069650
8 17236251
8 17236268
8 17236272
8 17236278
8 17414590
8 18156804
8 18156809
8 18156812
8 18156823
8 18223801
8 18878741
8 18879630
8 18879656
8 18879661
8 20885584
8 22669215
8 22697274
8 22697301
8 22697909
8 23318310
8 23651129
8 23869565
8 23869583
8 24254319
8 24916275
8 25018389
8 25251141
8 25437019
8 25437038
8 26482337
8 26742473
8 27539989
8 27716418
8 27716451
8 28106361
8 28132587
8 28141190
8 28260293
8 28478455
8 28538240
8 28574059
8 28574077
8 28574091
8 29085654
8 29946346
8 30109946
8 30165043
8 30295073
8 30295118
8 30500902
8 30579992
8 30597711
8 30737028
8 30737072
8 30799673
8 32122387
8 32372275
8 32591675
8 32778942
8 32901965
8 32909328
8 34225239
8 34337789
8 34503707
8 34552635
9 423560
9 932960
9 932994
9 1060262
9 1263853
9 1273934
9 1803239
9 2086395
9 2145022
9 2157533
9 2157535
9 2412960
9 2413033
9 2437090
9 2676584
9 2780717
9 3287612
9 3531457
9 3749693
9 3816354
9 3883714
9 3939296
9 3939303
9 4130121
9 4405523
9 4651744
9 4681625
9 4859883
9 5217702
9 5336405
9 5403608
9 5512167
9 5795832
9 5807050
9 6310532
9 6366051
9 6433461
9 6433492
9 6478050
9 6763737
9 7329176
9 7383144
9 7584278
9 8256164
9 8417253
9 8770811
9 8771117
9 8771124
9 8969002
9 9176599
9 9594263
9 9614770
9 9614786
9 10749185
9 11368627
9 11832930
9 12152030
9 12218975
9 12429887
9 12461539
9 12476749
9 12494349
9 12494356
9 12494364
9 12816960
9 15230084
9 15230111
9 22312663
9 22325789
9 22454034
9 23614002
9 25759842
9 27079265
9 27371851
9 27372153
9 27913698
9 28079979
9 28102519
9 28582750
9 28641864
9 28897462
9 29066276
9 29089648
9 29168157
9 29678996
9 29833489
9 30168588
9 30430468
9 31240669
9 31297085
9 31431337
9 31589348
9 31919636
9 32047322
9 32234855
9 32372578
9 32678147
9 33249630
9 33249657
9 33276987
9 33276996
9 33968923
10 1675401
10 2057678
10 3135955
10 3141813
10 3141827
10 5992432
10 5992437
10 5992449
10 5992464
10 6131643
10 7125624
10 7271585
10 9330064
10 9330088
10 9330106
10 9330110
10 11165834
10 11165860
10 11165866
10 14181087
10 14621845
10 15154695
10 16877302
10 16877314
10 16919407
10 16979668
10 17796419
10 17796453
10 19052253
10 19844444
10 20493716
10 20605748
10 20686716
10 20822027
10 20822522
10 20830828
10 20856149
10 20897737
10 20897836
10 21187356
10 21305331
10 21305349
10 21444113
10 22350131
10 22849674
10 22849676
10 23024400
10 23414628
10 23416738
10 23649567
10 23672388
10 23676042
10 23753190
10 23753214
10 24137414
10 24229170
10 24229193
10 24750643
10 24826122
10 24838097
10 25022082
10 25037962
10 25053721
10 25053735
10 25470999
10 25783936
10 26118821
10 26315723
10 26397029
10 26397037
10 26454326
10 26473764
10 26521159
10 26651862
10 26654039
10 26780420
10 26957325
10 26957349
10 27125564
10 27142984
10 27252234
10 27802567
10 28329131
10 29165919
10 29217126
10 29507006
10 29539726
10 29607798
10 29771818
10 30189983
10 30222033
10 30676445
10 30755381
10 30755414
10 31151763
10 31358737
10 31455668
10 31818249
10 32070220
10 32607001
10 33181328
11 281309
11 608328
11 839879
11 1017407
11 1049846
11 1166907
11 1221214
11 1530458
11 1585357
11 1604043
11 1634180
11 1698730
11 2311549
11 2511748
11 2511759
11 2792548
11 3040541
11 3928970
11 3928993
11 4134980
11 4360587
11 4360595
11 4371932
11 5145261
11 5175947
11 5486757
11 5900026
11 6192261
11 6772179
11 6857724
11 6881289
11 6908430
11 6952226
11 7050543
11 7432900
11 7944418
11 8480972
11 9945412
11 10513935
11 11277320
11 11433422
11 11557819
11 12731306
11 12783010
11 12783787
11 12894425
11 12906148
11 14605417
11 15544045
11 15921073
11 15921076
11 16182673
11 16182677
11 16182716
11 16182721
11 16182729
11 16277745
11 16277752
11 16277754
11 16811635
11 17090083
11 17755126
11 18722976
11 19839236
11 20530657
11 20846723
11 21482093
11 21497684
11 21759431
11 21806256
11 21806300
11 21820323
11 22205371
11 22205407
11 22445899
11 22837368
11 23039802
11 23357829
11 23424311
11 23477672
11 23533968
11 23642140
11 24427279
11 24574851
11 24574860
11 25290734
11 25290746
11 25456494
12 878220
12 1067892
12 1067902
12 1067913
12 1505001
12 2854418
12 2854425
12 2854442
12 4172497
12 5194779
12 5194791
12 5648450
12 5648473
12 5802832
12 5802856
12 5802864
12 6108553
12 6108565
12 7489021
12 7489042
12 7489051
12 10703960
12 10703968
12 11204208
12 11251113
12 11467479
12 11656885
12 11656892
12 13533098
12 14421179
12 14705480
12 14862034
12 15842978
12 15898775
12 16601949
12 20255793
12 20255844
12 21264498
12 21999147
12 26945751
12 27056665
12 27862434
12 28863459
12 28863489
12 29273844
12 30347249
12 30347266
12 30347281
12 30404652
12 30404663
12 30404684
12 32063747
12 32457044
12 32927171
12 34849923
12 35234246
12 35234267
12 35234268
12 35234273
12 35234277
12 38684685
12 38846604
12 39017291
12 39257982
12 41991357
12 41991359
12 41991376
12 41991395
12 43006556
12 43006605
12 43050322
12 43182082
12 43197861
12 43197870
12 43197905
12 44766984
12 48247445
12 48578089
12 49080946
12 50442892
12 56277232
12 57422792
12 57422797
12 57422808
12 60069952
12 60513800
12 60696803
12 60737671
12 60737675
12 61370611
12 63433291
12 63433331
12 63451274
12 63451300
12 64844912
12 64844913
12 64844929
12 65723567
12 65723575
12 65723620
12 67965630
12 69174244
12 70953956
12 71147793
12 71147808
12 75302504
12 75302511
12 75302514
12 75302534
12 76605903
12 77574222
12 77574252
12 77574572
12 77574605
12 77705706
12 77705734
12 78285967
12 80805548
12 82311598
12 83023336
12 84887852
12 84887880
12 84887884
12 86618979
12 89163453
12 89860336
12 92468592
12 93104644
12 94139420
12 94139467
12 94796041
12 94797208
12 94811457
12 95687372
12 97539679
12 97540918
12 97540952
12 97541037
12 97541048
12 98606736
12 99013364
12 101387997
12 101388025
12 102548728
12 102548749
12 103799648
12 108327218
12 108508985
12 109175168
12 109175173
12 111378131
12 111378149
12 111378167
12 111477406
12 112554932
12 112567045
12 114043993
12 114089605
12 114129645
12 114129682
12 114877929
12 116843419
12 116955363
12 117336749
12 117336782
12 117338570
12 117956140
12 118205987
12 118483222
12 118483233
12 118670596
12 118671647
12 118671657
12 118672501
12 118801290
12 118801337
12 120491901
12 120491939
12 120711957
12 120711964
12 120712314
12 120712331
12 120712341
12 120712344
12 120713449
12 120713452
12 123051504
12 123076692
12 123076693
12 123076712
12 123531539
12 123793610
12 124094041
12 124473875
12 124641626
12 125004849
12 126742929
12 127715384
12 127792398
12 129557262
12 129557283
12 129557300
12 129557830
12 129558304
12 129781962
12 129781972
12 129781984
12 129782003
12 129782004
12 129933149
12 130450824
12 130511756
12 130895516
12 133866219
12 133866244
12 133866247
12 138018563
12 138167878
12 138167889
12 138226028
12 138226046
12 138226056
12 138226059
12 138315686
12 138315713
12 138315735
3 16134067
12 10703944
3 1974495
3 9997085
3 12796837
4 4921608
4 19446005
6 12183455
7 20852893
8 12233983
8 16577180
8 18156806
8 24002179
11 16277769
11 17993974
12 10703970
12 130895475
12 130895483
12 133866251
1 2473604
1 11556436
2 2611055
3 12796842
4 5957884
6 9620756
7 24210487
8 14224633
12 41991391
12 48499857
12 60513808
12 114043972
12 114043973
3 2870377
1 139521
1 310431
1 1024876
1 1660839
1 2176709
1 2176749
1 2176767
1 2176872
1 2274044
1 2274053
1 2274098
1 3265383
1 3313902
1 3364710
1 3969129
1 4503575
1 4836756
1 4904018
1 5256396
1 5505815
1 5890420
1 6017570
1 6039084
1 6129716
1 6390918
1 6699407
1 7606057
1 8916385
1 9047424
1 9104307
1 9581193
1 9592538
1 9593033
1 9615935
1 9861075
1 10276668
1 10887277
1 10896690
1 10924421
1 11316303
1 11573760
1 11713932
1 11766335
1 12007546
1 12034460
1 12443258
1 12801739
1 12866093
1 12910939
1 12996150
1 13199263
1 13486127
1 13493115
1 13493168
1 13528273
1 14089459
1 14153708
1 14291218
1 15195446
1 16951437
1 17146645
1 17213958
1 17966097
1 18000382
1 18779885
1 18799312
1 18852211
1 19225772
1 19248455
1 19477507
1 19944556
1 20123997
1 20725924
1 20900625
1 22094078
1 22102202
1 22102232
1 22102235
1 22785875
1 23709469
1 23976198
1 23976236
1 24065993
1 24066009
1 24066013
1 24066035
1 25603357
1 25603366
1 25603370
1 25603376
1 25754962
1 26090570
1 26577886
1 26727716
1 26727729
2 2611031
2 2611052
2 4757984
2 4757992
2 4758040
2 4781450
2 4781475
2 4781855
2 5088596
2 5633478
2 7110967
2 7110976
2 7481176
2 8115782
2 8178870
2 8728480
2 9177265
2 9214772
2 9404930
2 9492698
2 9827516
2 10305277
2 10467227
2 10760068
2 10823653
2 11484732
2 11770185
2 11835739
2 12331912
2 12342186
2 12484394
2 12490550
2 12514733
2 12563484
2 12905756
2 12968640
2 13016403
2 13412825
2 14856874
2 14961497
2 15157322
2 15455039
2 15611790
2 15611793
2 15611797
2 15674614
2 15820017
2 16287165
2 16312246
2 16784495
2 16967201
2 17031772
2 17232927
2 17305244
2 17412475
2 17646651
2 18023369
2 18358568
2 18539915
2 18906787
2 19091350
2 19612431
2 19789316
2 19810544
2 19985325
2 19986147
2 19987108
2 20051312
2 20590910
2 20623528
3 38295
3 288357
3 404261
3 710489
3 1017712
3 1152421
3 1345343
3 1352398
3 1472473
3 1940646
3 1971780
3 1971789
3 2222171
3 2424234
3 2847263
3 2847297
3 2870419
3 2989547
3 3529522
3 4594336
3 4739512
3 4773491
3 4930027
3 5000138
3 5981292
3 7679509
3 7679532
3 7935843
3 8123790
3 8335306
3 8335344
3 9045915
3 9240104
3 9253006
3 9289140
3 9458724
3 9838502
3 9997121
3 10129396
3 12439227
3 12796840
3 12796841
3 13333012
3 15078859
3 15610194
3 15970776
3 15970790
3 16134031
3 16134039
3 16895554
3 17010765
3 17879941
3 17979477
3 18251169
3 18317370
3 18324190
3 18511748
3 18994392
3 19804370
3 20430475
3 20704489
3 20704528
3 21018777
3 21018781
3 22140426
3 23555446
3 24308719
3 24308796
3 24948112
3 24956474
3 25152933
3 25153045
3 25293853
3 25434732
3 26125062
3 26125063
3 26219265
3 26445181
3 26689653
3 26701121
3 26830211
3 26894348
3 28430939
3 29122050
3 29602438
3 29602453
3 29707484
3 30099977
4 328228
4 547526
4 637967
4 705724
4 807326
4 1171479
4 1618421
4 1890319
4 2268722
4 2497783
4 2595435
4 3202831
4 3202839
4 3345794
4 3345833
4 3586165
4 3672250
4 5227388
4 5387855
4 5387864
4 5387874
4 5474054
4 5835693
4 6166973
4 6240888
4 6305625
4 6569409
4 6573934
4 6636255
4 6720886
4 6761858
4 6903122
4 7299847
4 7328267
4 7643895
4 7689369
4 7689387
4 7689406
4 8093590
4 8123344
4 8165856
4 8481117
4 9107805
4 9616883
4 9673349
4 9751878
4 9968764
4 9968771
4 9968795
4 10357626
4 10788895
4 10791408
4 11022879
4 11260274
4 11528516
4 12004094
4 13823933
4 17276358
4 17276360
4 17276364
4 18162050
4 18544899
4 19445974
4 19446004
4 19446006
4 19446019
4 19446028
4 19675644
4 19675654
4 20031513
4 21130258
4 21138153
4 21144640
4 21990324
4 23154803
4 23235306
4 23385429
4 23394823
4 23546447
4 24061544
4 24067531
4 24141536
4 24141573
4 24311872
4 24875671
4 25892155
4 25892189
4 25935101
4 25968254
4 26027332
4 26116145
4 26173673
4 26274588
4 26360927
4 26360931
4 26361882
4 26361909
4 26361933
4 26361936
4 26366787
4 26366806
4 26367518
4 26367539
4 26367785
4 26367788
4 26367792
4 26786562
4 27130416
4 27269781
4 27292226
4 27292395
4 27292514
4 27352929
4 27374081
4 27493078
4 27932775
4 28250804
4 28565581
4 28728383
4 29274101
4 29392676
4 29630471
4 29875212
5 501971
5 842390
5 1006500
5 1168968
5 1175195
5 2548732
5 2628752
5 2971618
5 3253102
5 3253126
5 3393506
5 3464575
5 3806215
5 4217994
5 5123308
5 5289649
5 5298060
5 5400268
5 6159484
5 6176366
5 6825399
5 6825497
5 7693361
5 7777848
5 7867031
5 7964225
5 8011816
5 8227318
5 8462474
5 8767929
5 9281260
5 9281286
5 9452512
5 9475563
5 9550457
5 10147137
5 10147319
5 10279015
5 10294938
5 10359540
5 10387358
5 10394093
5 10456554
5 10673853
5 10883834
5 11295842
5 11295863
5 12416795
5 12416800
5 12491130
5 13274877
5 15225157
5 15726352
5 17147967
5 17439073
5 18189103
5 18189107
5 18189126
5 18189138
5 19604146
5 19658478
5 20058670
5 20176820
5 20449979
5 21425512
5 22338642
5 22377478
5 22381902
5 22499661
5 22523948
5 22816969
5 23047859
5 23047864
5 23047869
5 23047874
5 23047877
5 23444733
5 23663999
5 23682992
5 24240533
5 24240551
5 25539699
5 26094105
5 26546374
5 26546387
5 26546413
5 26546718
5 26746765
5 26891087
5 26994816
5 26994852
5 27040965
5 27205177
5 28087779
5 28148338
5 28636083
5 28645838
5 28903432
5 28972515
6 602866
6 861382
6 2371419
6 2668013
6 3507473
6 3838390
6 3838456
6 4403303
6 4403309
6 4550306
6 5225672
6 5333050
6 5564235
6 5747413
6 6673891
6 7008570
6 7274447
6 7351583
6 7529789
6 7587106
6 7757211
6 8595026
6 8955581
6 8959289
6 9027647
6 9027684
6 9031966
6 9031968
6 9050817
6 9050820
6 9148191
6 9251156
6 9311666
6 9408752
6 9477416
6 9735192
6 10634238
6 10871183
6 11123830
6 11483384
6 11674658
6 11674664
6 11963510
6 12018138
6 12089479
6 12183409
6 12408847
6 12965099
6 13807509
6 13809351
6 13846631
6 18119600
6 19004727
6 19974778
6 19974797
6 21109338
6 21472718
6 22712457
6 23589801
6 23589810
6 24058337
6 24058379
6 24305324
6 24482202
6 25126987
6 25901318
6 26485369
6 27403237
6 27429452
6 27460789
6 27460793
6 27649482
6 27650952
6 28020797
6 28882448
6 29374258
6 29408102
6 29906096
6 30665902
6 30763960
6 30841502
6 30935837
6 31011776
6 31162833
6 31250011
6 31250015
6 31250054
6 31250119
6 31250150
6 31250449
6 31393045
6 31949818
6 32120609
6 32124537
6 32142117
6 32173523
6 32653323
6 32871815
6 32910598
6 33288319
6 33845140
6 34019190
6 34100714
6 34803039
7 151277
7 206006
7 647766
7 792741
7 792793
7 852733
7 1255772
7 1513279
7 1513289
7 1513320
7 1519228
7 1524312
7 1524319
7 1862340
7 1862364
7 2222859
7 2398590
7 2774837
7 2909994
7 2913495
7 3028444
7 3209035
7 3209104
7 3355352
7 3490755
7 3665411
7 3666718
7 4293356
7 5590486
7 5931120
7 5982570
7 6292754
7 6595338
7 6713729
7 7256468
7 7649371
7 7987743
7 8389876
7 8824477
7 8824496
7 9113987
7 11131986
7 11208002
7 11362443
7 12000565
7 12086501
7 12514414
7 12536198
7 12631870
7 12654241
7 12856136
7 13283246
7 13283268
7 14282503
7 14412439
7 14412454
7 14412482
7 15325419
7 15325426
7 19745235
7 20154939
7 20154940
7 20154971
7 20154981
7 20852902
7 20852905
7 21051312
7 21394476
7 21745716
7 22150063
7 22150090
7 22597123
7 22751529
7 22889262
7 23074795
7 23949775
7 24190095
7 24207316
7 24207329
7 24210481
7 24825348
7 25501072
7 25742446
7 25820831
7 25854923
7 26374749
7 26374851
7 26392699
7 26407961
7 26407964
7 26407967
7 27054537
7 27066891
7 27098644
7 27243710
7 27265641
7 27413379
7 27423509
7 27599317
7 27846035
8 111535
8 807696
8 1018442
8 1217881
8 1439404
8 1837253
8 2327710
8 2327732
8 2416963
8 2497975
8 2586518
8 3038389
8 3150072
8 3265178
8 3322720
8 3330172
8 3379582
8 3385793
8 3879669
8 3879675
8 3927165
8 4018692
8 4197545
8 4268085
8 4350233
8 4550654
8 4806963
8 4858056
8 5070941
8 5142051
8 5727890
8 5966944
8 6555397
8 6630717
8 6669043
8 7085845
8 7109507
8 8164524
8 8359194
8 8527048
8 9222493
8 9463754
8 9483324
8 9565606
8 10784626
8 10784637
8 13118622
8 13444523
8 14003624
8 14224634
8 16577175
8 16577176
8 16577188
8 16677215
8 17236260
8 17236271
8 17414560
8 17988751
8 18156807
8 18156827
8 18223772
8 18223781
8 18223794
8 18223804
8 18878747
8 18878759
8 18879610
8 18879612
8 18879657
8 18879658
8 19852348
8 20634504
8 22697263
8 22697282
8 22697906
8 23869586
8 24065372
8 24785265
8 25235389
8 25437072
8 25899882
8 26383670
8 26443105
8 26556967
8 28190191
8 28478548
8 28574064
8 29746170
8 29899532
8 30105030
8 30295113
8 30595001
8 30737651
8 30799679
8 31416315
8 31456565
8 31487227
8 32077984
8 32909330
8 34090896
8 34154952
8 34155009
8 34435623
8 34497112
8 34853204
8 35120860
9 423544
9 442991
9 1208512
9 1693186
9 1980792
9 2387967
9 2437084
9 2780722
9 2780724
9 2991197
9 3174871
9 3523089
9 3523091
9 3601776
9 3684316
9 3733337
9 3749682
9 3753316
9 3753339
9 3939314
9 4495357
9 4707038
9 4835394
9 4989821
9 5431926
9 5795833
9 6151703
9 6763778
9 7151685
9 7341963
9 7405239
9 7405251
9 7604625
9 8132335
9 8237459
9 8241468
9 8593847
9 8771126
9 9503652
9 9759114
9 9759118
9 11107307
9 11309203
9 11317258
9 11336991
9 11349957
9 11368628
9 11878321
9 12152027
9 12429901
9 12494326
9 12494360
9 17532419
9 22325794
9 22637060
9 23259031
9 23259057
9 23613894
9 25314184
9 25759830
9 25759836
9 25778387
9 27175315
9 27336910
9 27336935
9 27789293
9 27934937
9 28798696
9 29678966
9 30468149
9 30891170
9 31061435
9 31061465
9 31381908
9 31589286
9 31965398
9 31972243
9 32372591
9 32776162
9 32776164
9 32827464
9 33054266
9 33249661
9 33549346
9 33900495
10 759623
10 897671
10 1854879
10 2057665
10 2057679
10 3141841
10 5992435
10 5992452
10 6131600
10 6131618
10 6131638
10 6131641
10 6131651
10 6133983
10 7050161
10 7136075
10 8066045
10 9330074
10 9330083
10 9330122
10 11165843
10 11165847
10 12708777
10 13482049
10 14555662
10 14689706
10 15828062
10 15938231
10 15938234
10 16877297
10 16877303
10 16877332
10 16919695
10 17736698
10 17796435
10 17884076
10 17884092
10 19328679
10 19989678
10 19996390
10 20647705
10 20764239
10 20868101
10 20935665
10 20973594
10 21141269
10 21214545
10 21352946
10 21404117
10 21556709
10 21556710
10 21574643
10 21930372
10 22325078
10 22347589
10 22350098
10 22391469
10 22391502
10 22588538
10 22841330
10 22849670
10 23367222
10 23655204
10 23866972
10 24419173
10 24424953
10 24528397
10 24551831
10 24659019
10 25022086
10 25022101
10 25023010
10 25053726
10 25113816
10 25155201
10 25247164
10 25400327
10 26015144
10 26280216
10 26396981
10 27065574
10 27065625
10 27065628
10 27125611
10 27151269
10 27252201
10 27252245
10 27652045
10 27715875
10 27850849
10 28381371
10 28600663
10 28784555
10 29059975
10 29153220
10 29165911
10 29539689
10 29561062
10 29582589
10 29705553
10 30190523
10 30222056
10 30684729
10 31270386
10 32028179
10 32411555
10 32552653
10 32601681
10 32959339
10 33537797
11 529111
11 644896
11 1166894
11 1166902
11 1258389
11 1572678
11 1698766
11 2055655
11 2250301
11 2511795
11 2529195
11 3039739
11 3064604
11 3928992
11 4134993
11 5359429
11 5499955
11 6206794
11 6452855
11 6881278
11 7338700
11 10120421
11 10513889
11 10924085
11 11268838
11 11278498
11 12037919
11 12038194
11 12782872
11 12894396
11 14267263
11 14793153
11 15086664
11 15242148
11 15921064
11 15921065
11 16182681
11 16182715
11 16182722
11 16277772
11 16277801
11 16641118
11 16874475
11 17090046
11 17593063
11 17817380
11 17843525
11 18805928
11 19839437
11 19963741
11 19975302
11 20435677
11 20435795
11 20961779
11 22262733
11 22363705
11 22521428
11 22639654
11 22890750
11 23012737
11 23477655
11 23477669
11 23626344
11 24427302
11 24427371
11 25291224
11 25293224
11 25293236
11 25293259
12 1067874
12 1067875
12 1067890
12 1067917
12 1504989
12 1504990
12 3270954
12 3270960
12 4172396
12 5194772
12 5802846
12 6108572
12 6295115
12 7489041
12 10703931
12 10703952
12 11251098
12 11251111
12 11251149
12 11251150
12 11251155
12 11656855
12 13845774
12 14421185
12 14522110
12 14705546
12 14746756
12 15842986
12 16800241
12 17355776
12 17630746
12 19121582
12 19975901
12 20255792
12 20255836
12 20255843
12 20336510
12 24611443
12 26037467
12 28863460
12 28863464
12 29273817
12 29273836
12 30037829
12 30347242
12 30373139
12 30373156
12 30384276
12 30404645
12 30404679
12 32241637
12 32702005
12 32837203
12 32927218
12 34849884
12 34849924
12 34849928
12 35234239
12 35234251
12 35234253
12 35234266
12 35234295
12 37069356
12 37798597
12 37798613
12 37798620
12 38142112
12 38684678
12 38684716
12 38846585
12 39017276
12 41991344
12 41991374
12 41991388
12 41991392
12 41991393
12 42351227
12 42935150
12 43197853
12 47383557
12 47383593
12 48670389
12 49080971
12 49693276
12 49693277
12 49693278
12 56277279
12 57422788
12 57422806
12 58009409
12 60112564
12 60112576
12 60513793
12 60513799
12 60513811
12 60696806
12 60696824
12 63433279
12 63433286
12 63433292
12 63433305
12 63451323
12 64844946
12 67892923
12 69174294
12 70953944
12 71147782
12 73846612
12 74890922
12 77574261
12 77574265
12 77574583
12 77574587
12 77574594
12 77574609
12 78285934
12 78285964
12 81010015
12 81691707
12 84065091
12 84887857
12 85799321
12 87229061
12 91667133
12 91667134
12 92468625
12 92468634
12 93104626
12 93678674
12 93916570
12 94794914
12 96403431
12 96403475
12 97541047
12 98313459
12 98606720
12 99121513
12 99121533
12 99552890
12 101387979
12 101387980
12 101387999
12 101388036
12 102548732
12 102548770
12 103030706
12 103799675
12 105291782
12 107285696
12 111378181
12 111477459
12 112101862
12 112567048
12 114043958
12 114043963
12 114043964
12 114043971
12 114043976
12 114043988
12 114043989
12 114044010
12 114044014
12 114044015
12 114129685
12 116167263
12 116843382
12 117336790
12 117539803
12 117956131
12 117956144
12 118172096
12 118205988
12 118206007
12 118483218
12 118670632
12 118672506
12 120491903
12 120491942
12 120711094
12 120711985
12 120712346
12 123051500
12 123076680
12 123076689
12 123076701
12 123076708
12 123307809
12 123307844
12 123500439
12 123500457
12 123531548
12 124473871
12 124641658
12 124811909
12 124812037
12 125004841
12 125626753
12 126742922
12 127715400
12 127969137
12 129557288
12 129557843
12 129557845
12 129781967
12 129781968
12 129781980
12 129781986
12 129781992
12 130450846
12 130450854
12 130511714
12 130895473
12 130895486
12 131427134
12 131994563
12 131994581
12 133865504
12 135084055
12 137093148
12 138018608
12 138167877
12 138315669
5 28790302
12 10703932
12 60069962
12 129558555
5 3253127
12 68519092
12 129933118
1 25603355
3 12796832
4 9132563
4 19446010
5 9188399
5 29361589
6 4610263
6 16373100
7 20852881
9 5403633
10 16317786
10 25037963
11 16182708
11 16277756
12 878186
12 10703946
12 10703963
12 41991383
12 60112581
12 118672507
12 120711932
1 11556438
8 25437034
1 15461255
1 310438
1 662444
1 1175688
1 2409904
1 3139976
1 3150263
1 3150304
1 3208151
1 3364794
1 4247209
1 5240308
1 6017569
1 7878404
1 9592542
1 9592963
1 9615933
1 10215725
1 12684372
1 13486538
1 13528279
1 13803274
1 13983090
1 15096597
1 15462564
1 16144154
1 16430805
1 16662843
1 17639172
1 17639253
1 19225766
1 19291654
1 19376239
1 19376272
1 19876809
1 22102184
1 26797721
1 26993265
2 1212537
2 7110974
2 7111009
2 7531424
2 9077509
2 9491778
2 9998321
2 10959085
2 12615828
2 12972118
2 12972467
2 13039547
2 13628608
2 15157307
2 15974408
2 16312201
2 16312225
2 16312238
2 16784486
2 16784489
2 17802085
2 17868502
2 18059475
2 18539914
2 19141346
2 19752330
2 19967093
2 20033606
2 20125194
2 20125208
2 20304213
2 20346278
2 21852177
3 407652
3 1017679
3 1179744
3 1260243
3 1343877
3 2627133
3 2867075
3 2935824
3 3136414
3 3734266
3 4874111
3 5812582
3 5981297
3 6039910
3 8070042
3 8691321
3 8905832
3 9458729
3 9516311
3 9572198
3 15196956
3 17979427
3 18994163
3 19136012
3 19963251
3 20151168
3 20278714
3 20531411
3 22834654
3 23058650
3 23787446
3 24213814
3 24233272
3 24406695
3 24790048
3 26569113
3 26945246
3 28391977
3 29143094
4 1250387
4 1618338
4 1618403
4 2256675
4 2256690
4 2358983
4 2359000
4 3022364
4 3345827
4 3883936
4 4500665
4 4934844
4 5119053
4 5387863
4 5539537
4 5553649
4 5960811
4 7151879
4 7259621
4 8117164
4 8151729
4 9616875
4 10791413
4 10916552
4 11132398
4 11282139
4 11953151
4 12004103
4 15687995
4 23875204
4 23934599
4 24067533
4 24734206
4 26366776
4 26699823
4 27932772
4 27974778
4 29040413
4 29040444
4 29040629
4 29040632
4 29040664
4 29335263
4 29335271
4 29603516
4 29610324
4 29873092
5 202034
5 1006523
5 1008289
5 1328741
5 2053281
5 2540234
5 2628779
5 2775578
5 4668825
5 4668834
5 5297491
5 5684705
5 6133195
5 6516616
5 6516619
5 6728134
5 6768087
5 9136050
5 9228670
5 9281262
5 9550439
5 9550458
5 9899286
5 10025540
5 10279004
5 10883821
5 11295873
5 11502040
5 20370959
5 20781751
5 21149569
5 21451379
5 23244859
5 23485625
5 25391569
5 26094395
5 26546467
5 26546631
5 26704056
5 26992717
5 26992726
5 26994797
5 26994805
5 26994821
5 27190427
5 27358340
5 27562673
5 27667305
5 28476402
5 28853112
6 812396
6 861399
6 1971488
6 3143577
6 4026028
6 4403321
6 4849062
6 4849074
6 5225668
6 5564237
6 7437493
6 7740524
6 9148207
6 9238844
6 9688164
6 10240542
6 11173327
6 11488114
6 11633145
6 11971176
6 12183404
6 13846622
6 14316941
6 16372829
6 26770482
6 26770492
6 26770528
6 27010447
6 27314883
6 27435847
6 27885330
6 29110259
6 29765117
6 30285342
6 30364709
6 30665935
6 32025577
6 32131065
6 32398613
6 32919892
6 33482108
6 34054503
7 151284
7 321252
7 1508199
7 1513312
7 2027814
7 2122877
7 2231793
7 3378281
7 3886619
7 4981035
7 5931126
7 5982591
7 6127293
7 8156165
7 8824478
7 10098695
7 10279858
7 11174099
7 11225684
7 11420123
7 12440807
7 13013769
7 13013772
7 21460944
7 22634887
7 23016714
7 24099121
7 24211797
7 24667197
7 25129032
7 25129039
7 26374856
7 27265611
7 27565492
7 27875012
7 28054141
8 420144
8 564058
8 746867
8 807665
8 825640
8 1151828
8 1592011
8 1611393
8 2166391
8 2347319
8 2672896
8 3153110
8 3889902
8 4648578
8 4858047
8 4996118
8 5070980
8 9222487
8 9222492
8 9222495
8 9463802
8 9463805
8 13373102
8 13444553
8 13452138
8 13452147
8 13551824
8 13953026
8 13953031
8 14415427
8 14829865
8 15593413
8 26101619
8 26383655
8 26482321
8 26699157
8 27008687
8 27055137
8 28086347
8 28132694
8 28260294
8 28332901
8 28478442
8 28822304
8 29063352
8 29179677
8 29370085
8 30295067
8 30500880
8 30523556
8 31840782
8 31917445
8 32122288
8 32898160
9 2437111
9 2833030
9 4222202
9 5795823
9 7405288
9 8417358
9 8770794
9 9243857
9 9756307
9 10389145
9 10459694
9 10579504
9 11313117
9 12509888
9 17479930
9 18530479
9 22312671
9 22312695
9 23259029
9 23259032
9 23614023
9 27336956
9 28028248
9 28102480
9 28554056
9 29347437
9 30447444
9 30468174
9 32011325
9 32827461
9 33249658
9 33284690
9 33549388
10 1488652
10 3135969
10 7050164
10 7050203
10 7404592
10 7431242
10 7431275
10 7431293
10 11836004
10 14661624
10 19052281
10 19244133
10 20813594
10 21296454
10 21582829
10 21787333
10 21862334
10 21862349
10 22278091
10 22849679
10 23218267
10 23599413
10 23746318
10 23793884
10 24417187
10 24551830
10 25193704
10 26211831
10 26269224
10 26916668
10 27495266
10 27746498
10 29165977
10 29731400
10 29731430
10 29913516
10 30294389
10 30755469
10 30755472
10 30952048
10 31764220
10 32095423
10 33227935
10 33271560
10 33287063
10 33435336
11 840733
11 1166923
11 2247647
11 2407018
11 2529179
11 3344814
11 3485995
11 3486011
11 3486229
11 8855398
11 11539650
11 11557828
11 11557905
11 11557911
11 11557912
11 13237603
11 16415553
11 16695412
11 16963028
11 17551800
11 18948994
11 19346457
11 20530666
11 20605671
11 22521435
11 22540703
11 22869051
11 23337815
11 23855386
11 24427374
11 24427377
11 24574866
11 24730822
11 24923737
11 25290324
11 25456523
12 5802867
12 8494134
12 13766069
12 17129758
12 17791851
12 25539703
12 26946064
12 29273838
12 32395938
12 32553392
12 33233257
12 39017263
12 41991378
12 52587855
12 56277285
12 60513849
12 60696831
12 61370599
12 64101104
12 64347403
12 81010004
12 81010022
12 85788872
12 94794915
12 97539647
12 108327235
12 111477424
12 114877919
12 115077000
12 117956164
12 118206021
12 120711054
12 120711090
12 137861195
1 3710462
10 21019531
12 41991375
1 11556437
5 3253122
1 22785877
10 25053718
1 1521722
1 2108717
1 2274100
1 2932845
1 3150308
1 5146667
1 5240307
1 6017581
1 6903609
1 7690141
1 7829279
1 9336280
1 9593046
1 10370968
1 11526090
1 13493132
1 13593275
1 13593323
1 14153969
1 14702680
1 15494468
1 16430836
1 16823309
1 17622558
1 19248476
1 19450019
1 19450063
1 19641962
1 19833288
1 21357024
1 22785838
1 23120214
1 23120237
1 23797140
1 24108868
1 24108884
1 26898370
2 434109
2 2612111
2 5633429
2 7111018
2 7111024
2 8068260
2 9600484
2 10823540
2 11323635
2 12173728
2 12183485
2 12331881
2 13360443
2 14353372
2 14856841
2 15157327
2 15447771
2 15448264
2 15974401
2 18032058
2 18316480
2 18832894
2 19967192
2 20125202
3 1168635
3 1974492
3 2861068
3 2861076
3 3120344
3 3235568
3 3235596
3 3300654
3 5101433
3 8738444
3 9152477
3 9475043
3 9600357
3 15195977
3 17901274
3 18456620
3 21341993
3 23748999
3 24308932
3 24790258
3 25698396
3 25795743
3 25922032
3 26701117
3 28587642
3 29602450
4 194562
4 807307
4 807313
4 3202840
4 3237069
4 4934841
4 4979744
4 5380108
4 5455780
4 5788751
4 6151770
4 6421944
4 6478172
4 6573963
4 6907259
4 7151853
4 7643913
4 7915075
4 7964958
4 8103947
4 9318666
4 9968736
4 9968777
4 9968797
4 10447951
4 10447952
4 14869409
4 15057507
4 19083350
4 20226218
4 20883717
4 20894328
4 20899691
4 22304017
4 22341062
4 23622354
4 24311854
4 24459889
4 24646367
4 25892181
4 25935143
4 26361864
4 26361924
4 26367515
4 26367543
4 29040446
4 29875249
5 363380
5 908406
5 913955
5 1626375
5 2532310
5 4199792
5 4816648
5 5190101
5 5332847
5 7566504
5 8453669
5 8928146
5 9471601
5 9550610
5 11329408
5 12104955
5 17439067
5 17845127
5 20089393
5 21381031
5 22481060
5 24240521
5 25630600
5 25676831
5 25676881
5 26409100
5 26546638
5 27709314
5 27810106
5 27963324
5 28332479
5 28645476
6 883243
6 2057159
6 2349504
6 3143563
6 4083498
6 4083534
6 4090068
6 4403267
6 4403269
6 4403306
6 5167483
6 5225682
6 5381947
6 6962880
6 7441596
6 7770632
6 7936390
6 7936392
6 8099751
6 8821484
6 9238707
6 9463173
6 10236248
6 11193614
6 11964863
6 12183442
6 12823706
6 13411843
6 13823502
6 17098525
6 23213986
6 23590423
6 24305326
6 24398531
6 26723864
6 26770527
6 27983699
6 29194010
6 30225928
6 30768057
6 30936094
6 30965552
6 31250060
6 31250324
6 31541681
6 31753201
6 32653318
6 32871811
6 33150950
6 33301503
6 33998336
6 34751708
7 316710
7 647762
7 882918
7 964171
7 1519225
7 1519226
7 1521701
7 2869818
7 2869837
7 3208812
7 3305101
7 4089630
7 4232067
7 4288677
7 4684227
7 5904050
7 5995523
7 6723117
7 7332446
7 7557644
7 7852877
7 11208046
7 12653954
7 13128536
7 13128537
7 14032322
7 20852932
7 20998179
7 21035306
7 21271136
7 23047652
7 24190062
7 24210461
7 24808704
7 26378160
7 27265636
7 28271867
7 28563102
8 724461
8 1735322
8 2347290
8 2353351
8 2416907
8 3093752
8 3265176
8 3265179
8 3650230
8 4327186
8 4648569
8 4648584
8 4648612
8 4808226
8 5771683
8 7400355
8 8430208
8 8527043
8 9581559
8 12437600
8 13034548
8 13118593
8 13145615
8 13834360
8 14720012
8 18156841
8 18223793
8 23318283
8 23820260
8 24977020
8 25250724
8 25250832
8 26105923
8 26383664
8 26810637
8 27785725
8 28723542
8 30732558
8 30737657
8 33743750
8 33991431
8 34149719
8 34152462
8 34503696
9 525137
9 732199
9 1455960
9 1573705
9 3523097
9 3591921
9 3883790
9 4390635
9 5217698
9 5816607
9 6366080
9 6433455
9 6433491
9 6830930
9 7269873
9 7383153
9 8134702
9 8614911
9 9006494
9 9644040
9 10079137
9 11368614
9 12494313
9 13108227
9 23245799
9 26628599
9 27175314
9 28291186
9 28405083
9 28582720
9 28777730
9 29163606
9 29678938
9 29982343
9 31061516
9 31877633
9 32259222
9 32372579
9 33318663
9 33549382
9 33752450
10 559473
10 5992425
10 7431287
10 11165846
10 14291024
10 14661592
10 16451025
10 16979645
10 17526814
10 17583343
10 18514047
10 19090829
10 20774162
10 21219664
10 21574644
10 21582830
10 21997406
10 22568739
10 23240989
10 23396010
10 23793871
10 25028593
10 25053706
10 25326157
10 26508203
10 29731438
10 30685067
10 30753536
10 30755463
10 30952030
10 30952063
10 31861684
10 32607002
10 32663862
10 33287036
11 992352
11 1953921
11 2530636
11 2553922
11 3738621
11 3907625
11 4360594
11 7050567
11 10883747
11 11557799
11 11692497
11 15085809
11 15544037
11 16118304
11 16641116
11 20290522
11 20994508
11 21015915
11 22352708
11 22501538
11 22640994
11 23856629
11 24427287
11 24574872
11 24574885
11 24774731
11 24878840
11 24974815
11 25055154
11 25293230
12 1504964
12 1560125
12 3270977
12 5194782
12 8804043
12 10070511
12 12809073
12 13141113
12 14817944
12 20778397
12 21073665
12 21264535
12 26743540
12 26945693
12 30347244
12 32061961
12 32179579
12 38823131
12 38823173
12 41991394
12 43211308
12 44950279
12 48499858
12 50435937
12 61370621
12 63433310
12 65723613
12 65723617
12 68613989
12 75302502
12 75302526
12 75302529
12 77370084
12 77574580
12 81010062
12 94811452
12 96403449
12 98606710
12 102548741
12 107285706
12 107285707
12 110093077
12 111991842
12 117539767
12 117540639
12 117540656
12 118483239
12 118671654
12 118671658
12 118801328
12 120711965
12 120712316
12 120712332
12 126227632
12 127750364
12 129557242
12 129557251
12 129557265
12 129557301
12 129558550
12 138018251
12 138018558
12 138315660
5 10294899
1 13493113
1 24108874
3 9716109
4 19605348
5 27631829
9 12494328
9 22325833
10 3133116
10 6131657
10 28982839
12 28863484
12 60513803
12 84887872
12 120711948
12 120712322
12 133866203
4 8206791
12 101387988
1 89295
1 754805
1 1223215
1 1521715
1 1521718
1 2932844
1 3492809
1 5256413
1 6053864
1 6267068
1 7942182
1 8916347
1 9104304
1 9581303
1 10370983
1 10924405
1 13255451
1 13486093
1 13486111
1 13486526
1 17097565
1 17403271
1 18382646
1 18799321
1 19376268
1 19692796
1 19876670
1 22785884
1 23714934
1 23976188
1 25754949
2 1212538
2 4757998
2 4783572
2 5633462
2 10467283
2 10696020
2 13751295
2 14961491
2 15941202
2 16276448
2 16784479
2 17210213
2 17609480
2 18023363
2 19389259
3 404243
3 1651595
3 2204920
3 2861095
3 2867083
3 2935821
3 4235030
3 4723882
3 8250295
3 8335296
3 8459412
3 9997099
3 16134060
3 18390002
3 19374939
3 19447462
3 19620764
3 26703371
3 27123272
3 27743600
3 28843299
3 29524384
3 29681433
3 30058533
4 1171451
4 1618346
4 4538062
4 4548142
4 4921626
4 5464280
4 7308295
4 9409836
4 10289264
4 11134146
4 11714505
4 13916672
4 14869417
4 18482966
4 19446009
4 19675673
4 20883694
4 23164686
4 23502141
4 26268087
4 26361870
4 26366768
4 27161895
4 27179517
5 913952
5 3156719
5 5967527
5 6140075
5 6241090
5 6439184
5 8482577
5 8774388
5 10373549
5 15020271
5 15020281
5 15020296
5 16126537
5 20183171
5 22307545
5 22338608
5 23663998
5 25676866
5 26687303
5 28793462
6 2057186
6 2572550
6 4658216
6 5388001
6 7218715
6 8550046
6 8760632
6 8925985
6 8955580
6 9027680
6 9050773
6 9282322
6 10320140
6 11046075
6 15197307
6 17098524
6 17098529
6 17098532
6 19859757
6 19974795
6 26644476
6 27854283
6 32185775
6 34054504
6 34138179
6 34313859
6 34751710
7 151290
7 1524134
7 3218341
7 3531237
7 4687748
7 13283288
7 13310691
7 19188792
7 21051342
7 21631622
7 22184399
7 23038444
7 23949772
7 27265599
7 28038191
8 1979064
8 2353927
8 3322692
8 3330463
8 4030345
8 4806953
8 8838411
8 9375431
8 10079738
8 12234023
8 12589433
8 13211534
8 16119112
8 17414543
8 26556914
8 28616634
8 30295064
8 31362366
8 31498250
8 32724343
8 33263933
9 525138
9 1096882
9 1263820
9 2118135
9 2143160
9 2437091
9 3144112
9 3824306
9 5804802
9 6433436
9 6478046
9 7050439
9 7405614
9 8242390
9 12517785
9 15230138
9 22325782
9 25314146
9 25759854
9 25791276
9 29312608
9 31061485
10 7251741
10 14181116
10 14661637
10 19052292
10 21305390
10 21694354
10 22040097
10 22161479
10 22278090
10 23396004
10 24156433
10 25976912
10 26118800
10 27536868
10 30141746
10 31505657
10 32600720
11 805797
11 1530463
11 1698741
11 2348114
11 3257201
11 3486016
11 3567742
11 5937062
11 6881285
11 7433268
11 7433998
11 8031315
11 11539645
11 18472048
11 20038352
11 20530678
11 20916886
11 22527882
11 22774803
11 23010658
11 23041280
11 23722964
11 24427313
11 24699149
12 372888
12 1067929
12 1505012
12 5194781
12 5802827
12 11251143
12 20255841
12 26062833
12 26743537
12 40091680
12 40309960
12 49080984
12 57422824
12 58009493
12 63433282
12 71147790
12 75302541
12 77574240
12 92468589
12 94139423
12 97539695
12 102548731
12 109175187
12 109175192
12 110085469
12 111477436
12 111991840
12 114044003
12 117338614
12 123531551
12 129557848
12 130895491
12 133865506
9 2405611
9 12494363
10 25022071
10 29435538
12 60513816
12 118484191
1 139518
5 26624614
7 7284854
9 10771233
9 25759851
10 21801459
1 310425
1 310479
1 830387
1 1168434
1 1176190
1 1410430
1 1410431
1 2215117
1 2473603
1 2915922
1 5146715
1 5805889
1 6119173
1 6129697
1 6129719
1 6379448
1 6396821
1 6893523
1 9071647
1 9176396
1 9581326
1 9599479
1 9868917
1 9957132
1 10370935
1 11047368
1 11207390
1 11573763
1 11709269
1 11796669
1 12571376
1 12801737
1 12801754
1 12801757
1 12801759
1 13050771
1 13136847
1 13255443
1 13486505
1 13493124
1 13528266
1 13528313
1 13593277
1 13983088
1 14702682
1 15195944
1 15198566
1 16230470
1 16430787
1 16430803
1 16951411
1 17068227
1 17068230
1 17068260
1 17099985
1 19248462
1 19450008
1 19450029
1 19450049
1 19668492
1 19707797
1 19864732
1 22102190
1 22398815
1 22785860
1 25603374
1 25754959
1 26727728
1 26898369
1 27209914
2 434167
2 438231
2 1691517
2 4757986
2 4758015
2 5633447
2 5633456
2 7507039
2 7531426
2 8285486
2 8436787
2 9177259
2 9492843
2 10305261
2 10536502
2 11419828
2 11484718
2 12169191
2 13395531
2 13443017
2 14001649
2 15458331
2 15562702
2 15974380
2 16264092
2 16784457
2 16784464
2 17210180
2 17305071
2 17833607
2 18059423
2 18059472
2 18358518
2 18358578
2 19091300
2 19341674
2 19593020
2 19780768
2 20125230
2 21448910
2 21666539
2 21852201
3 369317
3 404249
3 949270
3 1037891
3 1100479
3 1152426
3 1252321
3 1563504
3 1974494
3 2162994
3 2704378
3 2722766
3 2867074
3 2872845
3 3120369
3 4212480
3 4313567
3 4652801
3 6056089
3 7678165
3 8024050
3 8109963
3 8409558
3 8822021
3 9265929
3 9293700
3 9432391
3 9997086
3 10183830
3 13187429
3 13344351
3 15132178
3 15799223
3 16134025
3 16134047
3 16165667
3 16516094
3 16715657
3 16963214
3 16988963
3 17799885
3 17969181
3 18994383
3 18994386
3 19112749
3 19163559
3 19277994
3 19539560
3 20106523
3 21018775
3 21302748
3 22140405
3 23072157
3 23985130
3 24213811
3 24316788
3 25118010
3 25389313
3 25393310
3 26125061
3 26154022
3 26240369
3 26401902
3 26701119
3 26702633
3 27249389
3 27610063
3 28663695
3 29122153
3 29413421
3 29417215
3 29524389
3 29602447
3 29602456
3 29707487
3 30058492
4 194574
4 623435
4 1171470
4 1559329
4 1581381
4 1581388
4 1618387
4 2636477
4 2950377
4 3192996
4 3610772
4 3672237
4 3861726
4 4338591
4 4537996
4 4548134
4 4934855
4 5206325
4 5307772
4 5380119
4 5416253
4 5464431
4 5539492
4 6031266
4 6808771
4 7768236
4 7838266
4 8093617
4 8913992
4 9243061
4 9330703
4 9616842
4 9616865
4 9751891
4 9930772
4 9968734
4 9968766
4 10155035
4 10593245
4 10791363
4 11022878
4 11559409
4 12004062
4 14853651
4 15246083
4 15847790
4 17276382
4 17579871
4 18482983
4 19675643
4 19733103
4 20226223
4 20893585
4 21960092
4 21990326
4 22137253
4 23236390
4 23875197
4 24459891
4 24502484
4 25127512
4 25423609
4 25703965
4 25867112
4 25935116
4 25935135
4 25935141
4 26150378
4 26360964
4 26362282
4 26366769
4 26366953
4 26489920
4 27190713
4 27191460
4 28283932
4 29610303
4 29875246
5 78305
5 270643
5 586731
5 908405
5 1514915
5 2294477
5 3028335
5 3538594
5 3575299
5 3806246
5 5071681
5 5289676
5 5298039
5 5401009
5 5650248
5 5685247
5 6520848
5 6768102
5 7133474
5 7566566
5 7693388
5 8774384
5 8775146
5 8895278
5 9281316
5 9475558
5 9825924
5 9976393
5 10007568
5 10147305
5 11229752
5 11295817
5 11295862
5 11295869
5 14895610
5 15020259
5 15686097
5 15687111
5 15726316
5 16126513
5 16126550
5 17147991
5 20278062
5 23244865
5 23361096
5 23376229
5 23376245
5 23444748
5 23444886
5 23947855
5 24060486
5 25024273
5 25303865
5 25676883
5 26540867
5 26546212
5 26546359
5 26624957
5 26951295
5 27240989
5 28161088
5 28669459
5 28710654
5 28710657
5 28797924
5 29315787
6 298098
6 861375
6 1085766
6 1136198
6 1211604
6 1778660
6 2667997
6 4090188
6 4220941
6 4310617
6 4328772
6 4843321
6 5082060
6 5381949
6 5460725
6 5460733
6 5596427
6 6689115
6 6720165
6 7524051
6 7531026
6 7757051
6 8297879
6 8369713
6 8955559
6 8955588
6 9027745
6 9148176
6 9282273
6 9408719
6 9408726
6 10086775
6 10124187
6 10514848
6 11046080
6 11102611
6 12020486
6 12163424
6 12178438
6 13144378
6 13662496
6 13662502
6 13662505
6 13846574
6 14062132
6 14460048
6 15123233
6 18122231
6 18774202
6 19974780
6 21109339
6 21109357
6 23220180
6 24305327
6 24305437
6 24457028
6 25227409
6 25314650
6 27153562
6 27403195
6 28034045
6 28476912
6 28687529
6 29394075
6 29567278
6 29811816
6 29959569
6 29978610
6 30524913
6 30768080
6 30787365
6 30841501
6 30936081
6 31081794
6 31256179
6 31737606
6 32289065
6 32871813
6 32897055
6 33104177
6 33104193
6 33921417
6 34084618
6 34476712
7 151287
7 882923
7 893957
7 1508188
7 1518901
7 1518905
7 1524320
7 2435964
7 2691304
7 2869808
7 3209064
7 3327464
7 3417206
7 3758042
7 4687767
7 4687773
7 4976210
7 5170124
7 6141114
7 6147120
7 6595339
7 7369980
7 7649350
7 7696258
7 8562785
7 8879766
7 9057474
7 9445392
7 10178379
7 11008092
7 11131972
7 11460030
7 11516190
7 11579107
7 11985634
7 12143637
7 12526903
7 12787708
7 12984057
7 13013760
7 14032303
7 15325412
7 19002219
7 20154947
7 20154957
7 20154968
7 20852887
7 20852908
7 21035308
7 21051290
7 21051320
7 21051335
7 21152525
7 21349651
7 21466326
7 21466349
7 21574922
7 21740702
7 21745931
7 22173859
7 22833707
7 22834148
7 23412779
7 23817922
7 24190063
7 24190086
7 24210462
7 25542900
7 26096849
7 26208733
7 26219789
7 26316884
7 26384859
7 26452409
7 27066875
7 27066886
7 27233697
7 27413382
7 28259344
7 28271869
8 161406
8 501595
8 533481
8 712543
8 807681
8 807692
8 1220865
8 1396922
8 1432702
8 1592023
8 1735357
8 1980607
8 1993011
8 2353353
8 2386693
8 2416763
8 3264962
8 3265037
8 3650232
8 4403431
8 4467315
8 5468710
8 5520181
8 6669056
8 6700216
8 7400732
8 7400740
8 7411529
8 7705952
8 7854164
8 7918870
8 9178731
8 10411079
8 10560583
8 12233988
8 12233994
8 12589439
8 13034598
8 13444534
8 14082051
8 15910985
8 17236257
8 17236263
8 17414577
8 18156815
8 18156854
8 18223790
8 18223796
8 20885608
8 21542130
8 22697261
8 22697295
8 22697311
8 22697953
8 22697960
8 22963324
8 23140188
8 23318303
8 23318311
8 24254300
8 25250727
8 25250731
8 25251118
8 25251134
8 26069818
8 26994685
8 27026078
8 27261623
8 27294223
8 27294229
8 28574050
8 28812506
8 28833014
8 29858771
8 30552339
8 30719589
8 30799655
8 30799670
8 30974269
8 31494192
8 31774289
8 31986303
8 31987936
8 32122399
8 32122408
8 32311226
8 32864206
8 33743752
8 34149711
9 1263856
9 1813834
9 2437095
9 2929399
9 3174861
9 3821641
9 3939272
9 4577424
9 4852887
9 4974919
9 6366270
9 6433462
9 6433470
9 6849299
9 7269875
9 7383138
9 7405290
9 7891183
9 8238217
9 8593819
9 9144611
9 9197148
9 9759119
9 9878514
9 9984693
9 10207950
9 10207968
9 10699627
9 10699665
9 11316840
9 11473006
9 11832885
9 11832888
9 11832903
9 12231523
9 12429918
9 12494358
9 15230094
9 15230119
9 15230135
9 17479962
9 18959089
9 19507474
9 22637049
9 23259038
9 23607107
9 25314149
9 25314154
9 25314193
9 25759819
9 25759837
9 25778426
9 27079268
9 27371850
9 27372145
9 28088340
9 28554039
9 29089622
9 30108378
9 31149549
9 31149586
9 32776157
9 33411702
9 33530041
9 34014331
10 1680481
10 2057676
10 3141817
10 3141821
10 3295511
10 5289326
10 5992439
10 5992443
10 5992457
10 7050158
10 7125632
10 7125677
10 9075048
10 10103703
10 11165835
10 11165859
10 11165861
10 14327001
10 14544516
10 14661644
10 16451026
10 16877319
10 17796427
10 19197834
10 19504644
10 20004033
10 20324860
10 21219666
10 21556713
10 21556720
10 23152192
10 23367250
10 23367262
10 23416764
10 23753193
10 23789234
10 24229174
10 24324612
10 24417185
10 24572102
10 24923979
10 25253880
10 25294570
10 26269232
10 26272665
10 26688104
10 26800291
10 27047275
10 27065604
10 27222510
10 27746471
10 28203923
10 28490192
10 28600702
10 28784522
10 29165934
10 29185548
10 29435536
10 29435542
10 29705511
10 29731424
10 30189982
10 30189985
10 30322520
10 30755461
10 31139285
10 31429638
10 31701973
10 31734334
10 32419596
10 32959336
11 219103
11 1294082
11 1572720
11 1572726
11 1604028
11 1606754
11 1628593
11 2050669
11 2055673
11 2055685
11 2055691
11 2469599
11 2540179
11 2540193
11 2549148
11 3062732
11 3738601
11 3928973
11 4379826
11 5359453
11 5359522
11 5359545
11 5585181
11 6689593
11 6881277
11 7142346
11 7432857
11 7433297
11 8274364
11 8480971
11 8548384
11 8548386
11 10120413
11 10120425
11 10741063
11 10946654
11 11277311
11 11277893
11 11508004
11 11558066
11 11579461
11 14353666
11 14353669
11 14353675
11 14353678
11 15921079
11 16182704
11 16277770
11 16874515
11 17619643
11 17843342
11 18266870
11 18266904
11 20012674
11 20734910
11 20961835
11 21007442
11 21015902
11 21605643
11 21820494
11 22015145
11 22204523
11 22205383
11 22276343
11 22521442
11 22521455
11 22752024
11 22888823
11 22921568
11 23290588
11 23856642
11 24574838
11 24682549
11 24786294
11 24924414
12 1067910
12 1504994
12 2316851
12 5194743
12 5194800
12 5648457
12 5648467
12 5648470
12 5802816
12 6108551
12 7489001
12 7489044
12 8803981
12 10070513
12 10703930
12 11251112
12 11656897
12 12809075
12 13845772
12 17791680
12 20656010
12 22156374
12 26945724
12 27862403
12 28863421
12 28863425
12 29273826
12 30404650
12 30404653
12 33233251
12 42577820
12 43197904
12 46665196
12 48499860
12 49080955
12 49080995
12 56277271
12 57422803
12 57422838
12 58009516
12 60696804
12 60696805
12 60696815
12 61322275
12 61370616
12 63433287
12 63451298
12 63451325
12 64101143
12 67966570
12 68436342
12 71147788
12 73589535
12 73589590
12 75302498
12 75647459
12 77370086
12 77526996
12 77574584
12 77574585
12 77705721
12 82213994
12 82496854
12 84887865
12 89860333
12 91206961
12 92468630
12 92468638
12 95454136
12 95454140
12 97541021
12 97541057
12 101388028
12 102364962
12 102548737
12 105545479
12 107577846
12 107581795
12 110085448
12 111377459
12 111377482
12 111378169
12 111991883
12 114043981
12 114044001
12 114044006
12 114044013
12 114089622
12 114129659
12 116167210
12 116167254
12 116167261
12 116167267
12 117956127
12 117956154
12 118172080
12 118670630
12 119876375
12 120491950
12 120711059
12 120711075
12 120712347
12 123076698
12 123307841
12 123307843
12 124094067
12 124812023
12 125626736
12 125626751
12 129558312
12 129781973
12 130450839
12 130895513
12 131994547
12 133865502
12 138018291
12 138018542
12 138018576
12 138226027
12 138226058
12 138315707
12 138315747
10 2057715
12 56277286
1 25603379
5 6768056
9 12517754
11 16182711
4 8206793
4 26366932
5 3253124
10 21787330
1 2473605
1 2672562
1 4225602
1 4938315
1 5256395
1 9258361
1 9345966
1 9482775
1 9850934
1 11296318
1 12684370
1 12684371
1 12925258
1 13528271
1 13593279
1 13686100
1 14702684
1 16238956
1 16430797
1 17823497
1 19450028
1 24066046
1 27076541
2 434129
2 4783513
2 5088414
2 9671751
2 9730231
2 9898918
2 12526430
2 12615865
2 12972143
2 14902875
2 15157330
2 15341872
2 15447774
2 15458341
2 15611799
2 15674686
2 16007629
2 16141439
2 16457342
2 17301621
2 18134773
2 19091348
2 19967160
2 20918401
2 20918513
2 21481322
2 21899692
3 1152413
3 1471550
3 1530239
3 1974496
3 2074569
3 2139091
3 2510842
3 2704380
3 2867153
3 2875609
3 3135851
3 5981294
3 6675086
3 7511686
3 8335347
3 8459414
3 8727123
3 8727139
3 9265890
3 9458726
3 10968110
3 12796796
3 12796854
3 15610153
3 16963185
3 20531702
3 20531742
3 20704524
3 21846954
3 22211904
3 22901200
3 23058652
3 23851536
3 23859612
3 23921510
3 24308733
3 24308823
3 24473521
3 25593167
3 28593295
3 29110432
3 30058494
4 414242
4 414263
4 657100
4 3033416
4 4751140
4 5464375
4 5882661
4 6367325
4 9318665
4 9318667
4 10437384
4 10791410
4 10860363
4 12248297
4 18424484
4 20033115
4 20883062
4 21892137
4 23394825
4 24459893
4 24799979
4 25720075
4 26360923
4 26361861
4 26362283
4 26451808
4 27173638
4 28283934
4 28811354
5 78307
5 1175189
5 1734699
5 3253120
5 3861400
5 5071614
5 6133189
5 6241043
5 7384935
5 8978155
5 9550246
5 10025527
5 10147084
5 10848505
5 11229754
5 16126511
5 19584360
5 20278094
5 20718822
5 23361098
5 25024431
5 25555488
5 26340532
5 26494316
5 26546207
5 26624948
5 27040971
5 27301744
5 27495418
5 27810111
5 29052342
5 29301045
6 2248093
6 6593906
6 7524040
6 9408721
6 9463147
6 10236247
6 13293432
6 14206591
6 15019951
6 15123235
6 17098528
6 17098533
6 23275400
6 25227377
6 26770524
6 27010499
6 27649479
6 27667869
6 27854295
6 29765113
6 30764779
6 30768061
6 33888323
7 340534
7 1133691
7 1521690
7 2093516
7 4192754
7 4232066
7 4688955
7 4802954
7 6146856
7 6378924
7 7014208
7 9826923
7 10189589
7 11358629
7 12832770
7 13128527
7 14032299
7 20510986
7 20852883
7 21051931
7 21214041
7 21462637
7 21600790
7 22634912
7 24486937
7 24581379
7 26374797
7 26374857
7 27265630
7 27295313
7 27432302
7 28271871
7 28502950
8 533493
8 564076
8 1981463
8 2353355
8 3342067
8 3650234
8 4830025
8 5342300
8 6821140
8 7109513
8 7399900
8 8164953
8 8254987
8 9618422
8 10796856
8 12015967
8 12233997
8 12299475
8 14690789
8 17236253
8 17362537
8 18223791
8 22697965
8 24002180
8 25250733
8 26482300
8 27294217
8 27358454
8 30282944
8 30328745
8 31511805
8 31774291
8 32140475
8 32216423
8 32724005
8 34155000
8 34155001
9 460572
9 709787
9 1362555
9 1486904
9 1731885
9 2437105
9 2605222
9 3821643
9 4130122
9 4811766
9 4960479
9 4997075
9 5431921
9 5431923
9 5431924
9 7269877
9 7389268
9 7970727
9 8385359
9 9616734
9 9633179
9 9759123
9 9984688
9 11832920
9 15230107
9 16750660
9 18959133
9 23607113
9 24505904
9 26463524
9 26628597
9 27175318
9 27371852
9 30192893
9 30921653
9 31149559
9 31965692
9 33549355
10 868900
10 1854947
10 7155433
10 7155434
10 7431251
10 7431294
10 15938235
10 16877321
10 17034698
10 18675742
10 18998103
10 20647707
10 21269926
10 21796034
10 22768313
10 25361990
10 25688521
10 26508201
10 26812958
10 26957296
10 27065595
10 29000674
10 29153238
10 30100758
10 30755334
10 30952051
10 31741207
10 31998512
11 1571526
11 1604031
11 1604038
11 3351691
11 3567716
11 4215988
11 6300898
11 8480973
11 8711241
11 8840905
11 10513839
11 11558069
11 11654730
11 12037921
11 14516212
11 15921067
11 17993975
11 18418411
11 20530673
11 20530687
11 20734912
11 20961834
11 21015924
11 21948024
11 22363699
11 22500849
11 22521457
11 23856624
11 23856670
11 24924157
11 25055153
11 25290711
11 25293205
12 2854434
12 3071629
12 10703971
12 15824040
12 17791835
12 21266004
12 21414843
12 21414851
12 23367125
12 26743538
12 30037868
12 30447741
12 30549257
12 33082328
12 37069357
12 37485775
12 45696374
12 48499862
12 64596250
12 65723585
12 66845446
12 66845488
12 69174248
12 69174254
12 69174290
12 73589584
12 77705763
12 78285969
12 94139474
12 102548735
12 102548736
12 105291784
12 108391709
12 113291837
12 114089616
12 117539753
12 117540640
12 118205994
12 118670587
12 120491933
12 120711082
12 123051488
12 123307822
12 124811896
12 124812042
12 130895478
12 133865499
12 138659877
12 139443068
10 29435534
10 5992412
4 26366801
8 16577161
9 5403635
12 129781977

